Crib | Offsets | GP Sum
A MEDDLINGLY  0,3,0,4,11,15,19,22,  739
A MELANAEMIA  0,3,3,3,22,18,20,21,  797
A MELITAEMIA  0,3,3,17,15,18,20,21,  761
A METADATA  0,3,7,3,8,19,23,24,  733
A MESORHIN  0,3,8,24,27,6,0,10,  389
A MECONIUM  0,3,18,24,22,4,9,0,  389
A MERCOURI  0,3,19,22,28,13,6,9,  311
A MERRIJIG  0,3,19,23,21,3,0,13,  373
A MILBOURN  0,11,3,10,28,13,6,10,  383
A MITOCHON  0,11,7,24,26,6,7,10,  337
A MISGROWS  0,11,8,21,27,11,3,4,  359
A MISGROWING  0,11,8,21,27,11,3,20,  383
A MISKNOWS  0,11,8,22,22,11,3,4,  373
A MINERVIC  0,11,14,9,27,13,0,14,  353
A MINIBOOK  0,11,14,17,14,11,7,14,  347
A MINISTRO  0,11,14,17,16,27,6,16,  389
A MINICOPE  0,11,14,17,26,11,26,1,  389
A MINCOPIE  0,11,14,22,28,1,0,1,  389
A MINORIST  0,11,14,24,27,4,24,3,  389
A MICROPAC  0,11,18,23,28,1,15,14,  383
A MICRONIX  0,11,18,23,28,5,0,5,  337
A MICROCAP  0,11,18,23,28,9,15,6,  383
A MICROLUX  0,11,18,23,28,23,9,5,  353
A MIKROLUX  0,11,18,23,28,23,9,5,  353
A MICROBUS  0,11,18,23,28,26,9,4,  347
A MCDONOGH  0,16,0,24,22,11,4,11,  353
A MCINTOSH  0,16,13,18,15,11,24,11,  383
A MCGREGOR  0,16,17,23,13,8,7,15,  311
A MCCARVER  0,16,18,3,27,13,21,15,  383
A MCKIBBON  0,16,18,17,14,26,7,10,  383
A MCKNIGHT  0,16,18,18,21,8,2,3,  353
A MCCULLOH  0,16,18,26,11,23,7,11,  373
A MOLOKINI  0,18,3,24,26,4,1,9,  359
A MOLOCKER  0,18,3,24,26,9,21,15,  359
A MOTOHIRO  0,18,7,24,23,4,6,16,  313
A MOTORCAR  0,18,7,24,27,9,15,15,  373
A MOSKVICH  0,18,8,22,1,4,5,11,  311
A MOINMOIN  0,18,13,18,12,11,0,10,  373
A MONBUTTU  0,18,14,10,1,27,23,18,  389
A MONTJUIC  0,18,14,11,20,13,0,14,  347
A MONSOONS  0,18,14,12,28,11,1,4,  353
A MONITRIX  0,18,14,17,15,10,0,5,  383
A MONITORING  0,18,14,17,15,11,6,20,  389
A MONISHER  0,18,14,17,16,6,21,15,  389
A MONOTINT  0,18,14,24,15,4,1,3,  389
A MONOTONE  0,18,14,24,15,11,1,1,  373
A MONOHULL  0,18,14,24,23,13,19,28,  383
A MOWPHEUS  0,18,16,14,23,25,9,4,  383
A MORELOCK  0,18,19,9,11,11,5,14,  359
A MORESCHI  0,18,19,9,16,9,2,9,  373
A MORTUOUS  0,18,19,11,1,11,9,4,  311
A MORTGCGE  0,18,19,11,25,9,4,1,  359
A MORTREUX  0,18,19,11,27,25,9,5,  373
A MORPJEUS  0,18,19,14,20,25,9,4,  389
A MORPHEUE  0,18,19,14,23,25,9,1,  389
A MORICHES  0,18,19,17,26,6,21,4,  373
A MORGANIC  0,18,19,21,7,5,0,14,  373
A MOROZOVA  0,18,19,24,16,11,9,24,  353
A MORULOID  0,18,19,26,11,11,0,25,  389
A MOOSEWOB  0,18,20,12,13,7,7,2,  389
A MOOSPIFF  0,18,20,12,18,4,10,19,  313
A MOOSOMIN  0,18,20,12,28,24,0,10,  373
A MOONSHOT  0,18,20,18,16,6,7,3,  353
A MOONRISE  0,18,20,18,27,4,24,1,  373
A MOUNTURE  0,18,22,18,15,13,6,1,  347
A MOURDOCK  0,18,22,23,8,11,5,14,  311
A MUMPOWER  0,20,4,14,28,7,21,15,  389
A MUTINOUS  0,20,7,17,22,11,9,4,  353
A MUTICOUS  0,20,7,17,26,11,9,4,  337
A MUSICNEW  0,20,8,17,26,5,21,12,  383
A MUSICCOM  0,20,8,17,26,9,7,0,  359
A MUSICKER  0,20,8,17,26,9,21,15,  359
A MUSICBOX  0,20,8,17,26,26,7,5,  383
A MUSHROMS  0,20,8,19,27,11,20,4,  389
A MUSCULIN  0,20,8,22,1,23,0,10,  373
A MUSKWOOD  0,20,8,22,24,11,7,25,  359
A MUSCWETO  0,20,8,22,24,25,23,16,  389
A MUNNECKE  0,20,14,18,13,9,5,1,  389
A MUGSHOTS  0,20,17,12,23,11,23,4,  383
A MUGWORTS  0,20,17,20,28,10,23,4,  337
A MUCHACHO  0,20,18,19,7,9,2,16,  347
A MUKHERJI  0,20,18,19,13,10,28,9,  353
A MUCKERER  0,20,18,22,13,10,21,15,  353
A MURICINE  0,20,19,17,26,4,1,1,  353
A MURICOID  0,20,19,17,26,11,0,25,  353
A MURRISON  0,20,19,23,21,28,7,10,  313
A MYXEDEMA  0,24,9,9,8,25,20,24,  709
A MYASTHENIA  0,24,28,12,0,25,1,21,  727
A MALAYALI  0,26,3,3,5,19,19,9,  739
A MALLEATION  0,26,3,7,3,27,12,10,  701
A MANYATTA  0,26,14,1,7,27,23,24,  709
A MAGOFFIN  0,26,17,24,2,14,0,10,  353
A MACHOVER  0,26,18,19,28,13,21,15,  389
A MARKHORS  0,26,19,22,23,11,6,4,  383
A MARKHOOR  0,26,19,22,23,11,7,15,  337
A MARCWEUR  0,26,19,22,24,25,9,15,  389
A MAYLANDS  0,26,26,7,7,5,16,4,  709
A MAYBELLE  0,26,26,10,13,23,19,1,  709
A ELICITOR  1,1,13,22,21,27,7,15,  389
A EBOOKERS  1,4,20,24,26,25,6,4,  383
A ESKIMOIC  1,6,18,17,12,11,0,14,  383
A ESCHEVIN  1,6,18,19,13,13,0,10,  383
A ESUPPORT  1,6,22,14,18,11,6,3,  383
A EXHORTER  1,7,15,24,27,27,21,15,  389
A EXCURSUS  1,7,18,26,27,28,9,4,  347
A EPIPUBIC  1,8,13,14,1,26,0,14,  389
A EPIGONUS  1,8,13,21,28,5,9,4,  347
A EPIROTIC  1,8,13,23,28,27,0,14,  359
A EPRODUCT  1,8,19,24,8,13,5,3,  389
A EPAGOGIC  1,8,28,21,28,8,0,14,  389
A EJERCITO  1,10,5,23,26,4,23,16,  389
A EINKORNS  1,11,14,22,28,10,1,4,  337
A ENDEVOUR  1,12,0,9,1,11,9,15,  373
A ENDOCRIN  1,12,0,24,26,10,0,10,  373
A ENERVOUS  1,12,5,23,1,11,9,4,  337
A ENTROUGH  1,12,7,23,28,13,4,11,  313
A ENIWETOK  1,12,13,20,13,27,7,14,  389
A ENWWOVEN  1,12,16,20,28,13,21,10,  337
A ENCODEUR  1,12,18,24,8,25,9,15,  383
A ENCOLUMN  1,12,18,24,11,13,20,10,  389
A ENCOMIUM  1,12,18,24,12,4,9,0,  389
A ENARBOUR  1,12,28,23,14,11,9,15,  383
A EGGWHISK  1,15,17,20,23,4,24,14,  337
A EGRESSOR  1,15,19,9,16,28,7,15,  383
A ECTOLOPH  1,16,7,24,11,11,26,11,  389
A ECTOZOIC  1,16,7,24,16,11,0,14,  347
A ECHOLINK  1,16,15,24,11,4,1,14,  353
A ECRITURE  1,16,19,17,15,13,6,1,  359
A ECOTOPIC  1,16,20,11,28,1,0,14,  337
A ECONOMIE  1,16,20,18,28,24,0,1,  389
A ECOWORLD  1,16,20,20,28,10,19,25,  383
A EKOOSTIK  1,16,20,24,16,27,0,14,  347
A EKABORON  1,16,28,10,28,10,7,10,  389
A EREMURUS  1,17,5,8,1,10,9,4,  383
A ERIGERON  1,17,13,21,13,10,7,10,  337
A ERICOLIN  1,17,13,22,28,23,0,10,  359
A ERRHINES  1,17,19,19,21,5,21,4,  389
A ERRORIST  1,17,19,24,27,4,24,3,  347
A ERRORBAR  1,17,19,24,27,26,15,15,  373
A ETHERIALLY  1,19,5,23,4,23,19,22,  701
A EUPHENIC  1,20,10,19,13,5,0,14,  373
A EUPHONIX  1,20,10,19,28,5,0,5,  347
A EUPHONIC  1,20,10,19,28,5,0,14,  313
A EUGUBIUM  1,20,17,26,14,4,9,0,  353
A EUCHROME  1,20,18,19,27,11,20,1,  359
A EURESCOM  1,20,19,9,16,9,7,0,  389
A EUROTECH  1,20,19,24,15,25,5,11,  347
A EUROSPOT  1,20,19,24,16,1,7,3,  347
A EUROJUST  1,20,19,24,20,13,24,3,  337
A EURONEWS  1,20,19,24,22,25,3,4,  353
A EVOSPORT  1,20,20,12,18,11,6,3,  347
A EFINITION  1,21,13,18,21,27,12,10,  383
A EFFICACE  1,21,23,17,26,19,5,1,  389
A BLOWGUNS  2,1,20,20,25,13,1,4,  359
A BLOCKIER  2,1,20,22,26,4,21,15,  373
A BLOCKTON  2,1,20,22,26,27,7,10,  359
A BLOOMKIN  2,1,20,24,12,9,0,10,  389
A BLOUSONS  2,1,20,26,16,11,1,4,  383
A BLUEBOOK  2,1,22,9,14,11,7,14,  389
A BLUEGOWN  2,1,22,9,25,11,3,10,  373
A BLAMABLY  2,1,28,8,7,26,19,22,  733
A BEDDABLE  2,3,0,4,7,26,19,1,  701
A BEMADAMING  2,3,4,3,8,19,20,20,  727
A BETRIFFT  2,3,7,23,21,14,10,3,  389
A BESCOURING  2,3,8,22,28,13,6,20,  389
A BENBROOK  2,3,14,10,27,11,7,14,  353
A BEGROOVY  2,3,17,23,28,11,9,22,  373
A BEGINGROUP  2,3,17,28,27,11,9,6,  383
A BERGEVIN  2,3,19,21,13,13,0,10,  383
A BERGISCH  2,3,19,21,21,28,5,11,  373
A BERGONZI  2,3,19,21,28,5,24,9,  373
A BIDDABLY  2,11,0,4,7,26,19,22,  701
A BIBULOUS  2,11,6,26,11,11,9,4,  389
A BISPORUS  2,11,8,14,28,10,9,4,  359
A BIPOROUS  2,11,10,24,27,11,9,4,  313
A BIJWONER  2,11,12,20,28,5,21,15,  359
A BICOLORS  2,11,18,24,11,11,6,4,  353
A BHOJPURI  2,13,20,16,18,13,6,9,  313
A BCOUNTRY  2,16,20,26,22,27,6,22,  383
A BRIERTON  2,17,13,9,27,27,7,10,  373
A BRISKISH  2,17,13,12,26,4,24,11,  373
A BRICUSSE  2,17,13,22,1,28,24,1,  389
A BRICKLIN  2,17,13,22,26,23,0,10,  359
A BRONZERS  2,17,20,18,16,25,6,4,  389
A BRONSTON  2,17,20,18,16,27,7,10,  353
A BROWNSON  2,17,20,20,22,28,7,10,  313
A BROCWERY  2,17,20,22,24,25,6,22,  389
A BROCCOLI  2,17,20,22,26,11,19,9,  313
A BROCKAGE  2,17,20,22,26,19,4,1,  383
A BROCOLIS  2,17,20,22,28,23,0,4,  353
A BROCOLLI  2,17,20,22,28,23,19,9,  373
A BROOKITE  2,17,20,24,26,4,23,1,  353
A BRUSHUPS  2,17,22,12,23,13,26,4,  347
A BRUCETON  2,17,22,22,13,27,7,10,  347
A BRUCTERI  2,17,22,22,15,25,6,9,  353
A BRASTOFF  2,17,28,12,15,11,10,19,  389
A BRAVOPRO  2,17,28,26,28,1,6,16,  337
A BOLTWORK  2,18,3,11,24,11,6,14,  347
A BOSTWICK  2,18,8,11,24,4,5,14,  353
A BOISVERT  2,18,13,12,1,25,6,3,  389
A BONEWORK  2,18,14,9,24,11,6,14,  311
A BONEWOOD  2,18,14,9,24,11,7,25,  383
A BOWGRACE  2,18,16,21,27,19,5,1,  389
A BORBORUS  2,18,19,10,28,10,9,4,  311
A BORGCUBE  2,18,19,21,26,13,22,1,  337
A BOROWIEC  2,18,19,24,24,4,21,14,  313
A BOOTBLOG  2,18,20,11,14,23,7,13,  389
A BOOGALOO  2,18,20,21,7,23,7,16,  373
A BOOKSHOP  2,18,20,22,16,6,7,6,  311
A BOOKSLUT  2,18,20,22,16,23,9,3,  373
A BOOKSTOP  2,18,20,22,16,27,7,6,  347
A BOOKNEWS  2,18,20,22,22,25,3,4,  353
A BOOKHOOD  2,18,20,22,23,11,7,25,  311
A BOOKHOME  2,18,20,22,23,11,20,1,  353
A BOOKWIRE  2,18,20,22,24,4,6,1,  313
A BOUDINOT  2,18,22,4,21,5,7,3,  383
A BOUDOIRS  2,18,22,4,28,4,6,4,  359
A BOUGIVAL  2,18,22,21,21,13,15,28,  389
A BOUCHIER  2,18,22,22,23,4,21,15,  313
A BOURTREE  2,18,22,23,15,10,21,1,  383
A BOURGAIN  2,18,22,23,25,19,0,10,  353
A BOUVERIE  2,18,22,26,13,10,0,1,  347
A BOUFFAGE  2,18,22,27,2,19,4,1,  353
A BOYCHOIR  2,18,26,22,23,11,0,15,  353
A BULLETHEAD  2,20,3,7,13,12,11,25,  709
A BUTTRICK  2,20,7,11,27,4,5,14,  347
A BUTIKKEN  2,20,7,17,26,9,21,10,  373
A BUSHWICK  2,20,8,19,24,4,5,14,  313
A BUSHWOOD  2,20,8,19,24,11,7,25,  359
A BUPOINTS  2,20,10,24,21,5,23,4,  383
A BUITRAGO  2,20,13,11,27,19,4,16,  383
A BUNDRICK  2,20,14,4,27,4,5,14,  347
A BUKIDNON  2,20,18,17,8,5,7,10,  359
A BUCHANON  2,20,18,19,7,5,7,10,  359
A BUCHHOLZ  2,20,18,19,23,11,19,4,  353
A BUCHHEIM  2,20,18,19,23,25,0,0,  389
A BUCHOLTZ  2,20,18,19,28,23,23,4,  389
A BUCKSKIN  2,20,18,22,16,9,0,10,  313
A BUKOVSKY  2,20,18,24,1,28,5,22,  353
A BURDOCKS  2,20,19,4,28,9,5,4,  347
A BURLEIGH  2,20,19,7,13,4,4,11,  383
A BURSWOOD  2,20,19,12,24,11,7,25,  347
A BURNEWIN  2,20,19,18,13,7,0,10,  347
A BURNETII  2,20,19,18,13,27,0,9,  389
A BURNPLUS  2,20,19,18,18,23,9,4,  373
A BURHINUS  2,20,19,19,21,5,9,4,  311
A BURGHILL  2,20,19,21,23,4,19,28,  389
A BURGWARE  2,20,19,21,24,19,6,1,  383
A BURGWERE  2,20,19,21,24,25,6,1,  353
A BURGOUTS  2,20,19,21,28,13,23,4,  311
A BUONANNO  2,20,20,18,7,5,1,16,  359
A BUFFINGTON  2,20,23,27,3,27,7,10,  337
A BUFFWARE  2,20,23,27,24,19,6,1,  359
A BUYCWICK  2,20,26,22,24,4,5,14,  353
A BEASIALITY  2,22,8,0,11,4,23,22,  769
A BEASTIALIY  2,22,8,11,4,23,0,22,  769
A BEASTIALTY  2,22,8,11,4,23,23,22,  797
A BIAXIALITY  2,23,9,0,11,4,23,22,  727
A BADDELEY  2,26,0,4,13,23,21,22,  743
A BALARAMA  2,26,3,3,27,19,20,24,  701
A BALLADRY  2,26,3,7,7,20,6,22,  701
A BAWCOCKS  2,26,16,22,28,9,5,4,  373
A BACHICHI  2,26,18,19,21,9,2,9,  389
A BACKUPPC  2,26,18,22,1,1,26,14,  383
A BACKWORM  2,26,18,22,24,11,6,0,  389
A BARONIUS  2,26,19,24,22,4,9,4,  389
A TEECCINO  3,3,5,22,26,4,1,16,  383
A TETRONIC  3,3,7,23,28,5,0,14,  373
A TENORINO  3,3,14,24,27,4,1,16,  337
A TENOROON  3,3,14,24,27,11,7,10,  313
A TEGURIUM  3,3,17,26,27,4,9,0,  359
A TECHNOIR  3,3,18,19,22,11,0,15,  337
A TEREKHOV  3,3,19,9,26,6,7,18,  347
A TERIFFIC  3,3,19,17,2,14,0,14,  313
A TERVUREN  3,3,19,26,1,10,21,10,  347
A TILBROOK  3,11,3,10,27,11,7,14,  359
A TIGERISH  3,11,17,9,27,4,24,11,  389
A TIGERNUT  3,11,17,9,27,5,9,3,  373
A TICHENOR  3,11,18,19,13,5,7,15,  337
A TRENTINO  3,17,5,18,15,4,1,16,  389
A TRIMURTI  3,17,13,8,1,10,23,9,  373
A TRIMORPH  3,17,13,8,28,10,26,11,  353
A TRIMOTOR  3,17,13,8,28,27,7,15,  353
A TRIBUNUS  3,17,13,10,1,5,9,4,  347
A TRITONIC  3,17,13,11,28,5,0,14,  337
A TRISOMIC  3,17,13,12,28,24,0,14,  373
A TRINTECH  3,17,13,18,15,25,5,11,  389
A TRIGRAPH  3,17,13,21,27,19,26,11,  389
A TRICORNS  3,17,13,22,28,10,1,4,  311
A TROTTEUR  3,17,20,11,15,25,9,15,  373
A TROPONIN  3,17,20,14,28,5,0,10,  313
A TROGONES  3,17,20,21,28,5,21,4,  347
A TROCHOID  3,17,20,22,23,11,0,25,  337
A TROCCOLI  3,17,20,22,26,11,19,9,  311
A TROUBLER  3,17,20,26,14,23,21,15,  389
A TROUGHED  3,17,20,26,25,6,21,25,  373
A TRUESOUL  3,17,22,9,16,11,9,28,  373
A TRUEWOOD  3,17,22,9,24,11,7,25,  359
A TRUSTIVE  3,17,22,12,15,4,9,1,  383
A TRUNCHER  3,17,22,18,26,6,21,15,  313
A TRUCKLES  3,17,22,22,26,23,21,4,  389
A TRUCKLER  3,17,22,22,26,23,21,15,  347
A TRYWORKS  3,17,26,20,28,10,5,4,  373
A TRANSCUR  3,17,28,18,16,9,9,15,  373
A TRANCOSO  3,17,28,18,26,11,24,16,  373
A TOMSTOON  3,18,4,12,15,11,7,10,  389
A TOMOHIRO  3,18,4,24,23,4,6,16,  313
A TOPINISH  3,18,10,17,22,4,24,11,  373
A TOPNOTCH  3,18,10,18,28,27,5,11,  337
A TOPOLINO  3,18,10,24,11,4,1,16,  353
A TOPOLSKI  3,18,10,24,11,28,5,9,  383
A TONTINER  3,18,14,11,21,5,21,15,  389
A TOWNHOOD  3,18,16,18,23,11,7,25,  337
A TOKTOKJE  3,18,18,11,28,9,28,1,  359
A TOKIDOKI  3,18,18,17,8,11,5,9,  347
A TOKIMEKI  3,18,18,17,12,25,5,9,  389
A TOCOLOGY  3,18,18,24,11,11,4,22,  383
A TOKOLOGY  3,18,18,24,11,11,4,22,  383
A TOREUTIC  3,18,19,9,1,27,0,14,  347
A TORTONIS  3,18,19,11,28,5,0,4,  353
A TORGESON  3,18,19,21,13,28,7,10,  347
A TORCUATO  3,18,19,22,1,19,23,16,  353
A TORKINGTON  3,18,19,22,3,27,7,10,  359
A TORCHLIT  3,18,19,22,23,23,0,3,  373
A TORCWERS  3,18,19,22,24,25,6,4,  337
A TORRIJOS  3,18,19,23,21,3,7,4,  313
A TORRIDGE  3,18,19,23,21,20,4,1,  389
A TORRIDER  3,18,19,23,21,20,21,15,  383
A TORULOUS  3,18,19,26,11,11,9,4,  313
A TOOTMOOT  3,18,20,11,12,11,7,3,  373
A TOONTOWN  3,18,20,18,15,11,3,10,  313
A TOUGHISH  3,18,22,21,23,4,24,11,  313
A TOUCHIER  3,18,22,22,23,4,21,15,  311
A TOURACOS  3,18,22,23,7,9,7,4,  347
A TOURISTS  3,18,22,23,21,28,23,4,  373
A TUMOROUS  3,20,4,24,27,11,9,4,  311
A TUBEWORK  3,20,6,9,24,11,6,14,  337
A TUBICORN  3,20,6,17,26,11,6,10,  311
A TUBULOUS  3,20,6,26,11,11,9,4,  359
A TUTKIMUS  3,20,7,22,21,24,9,4,  389
A TUSSUCKS  3,20,8,12,1,9,5,4,  347
A TUCKSHOP  3,20,18,22,16,6,7,6,  311
A TURBOCAR  3,20,19,10,28,9,15,15,  359
A TURNEFFE  3,20,19,18,13,14,10,1,  337
A TURNBACK  3,20,19,18,14,19,5,14,  383
A TURNPIKE  3,20,19,18,18,4,5,1,  353
A TURGENEV  3,20,19,21,13,5,21,18,  353
A TAONURUS  3,26,20,18,1,10,9,4,  359
A SLIVOVIC  4,1,13,26,28,13,0,14,  311
A ZLOKOWER  4,1,20,22,28,7,21,15,  347
A SLOUCHES  4,1,20,26,26,6,21,4,  389
A SLOUCHER  4,1,20,26,26,6,21,15,  347
A SLUGHORN  4,1,22,21,23,11,6,10,  313
A SMIRKISH  4,2,13,23,26,4,24,11,  383
A SMOORICH  4,2,20,24,27,4,5,11,  313
A SETERROR  4,3,7,9,27,10,7,15,  383
A SEXFUSION  4,3,9,27,1,28,12,10,  389
A SEJUGOUS  4,3,12,26,25,11,9,4,  337
A SEISHIRO  4,3,13,12,23,4,6,16,  373
A SEIFFERT  4,3,13,27,2,25,6,3,  389
A SECWITUR  4,3,18,20,21,27,9,15,  353
A SECUREHC  4,3,18,26,27,25,2,14,  347
A SERVICII  4,3,19,26,21,9,0,9,  337
A SERVICER  4,3,19,26,21,9,21,15,  353
A SEVERINI  4,3,22,9,27,4,1,9,  389
A SEFYDLIAD  4,3,23,1,8,23,12,25,  701
A STRAUGHN  4,5,19,3,1,8,2,10,  389
A STRICKEN  4,5,19,17,26,9,21,10,  373
A STROZIER  4,5,19,24,16,4,21,15,  389
A STROPHIC  4,5,19,24,18,6,0,14,  337
A STRONACH  4,5,19,24,22,19,5,11,  389
A STRONTIC  4,5,19,24,22,27,0,14,  359
A STRORIES  4,5,19,24,27,4,21,4,  389
A STRUVITE  4,5,19,26,1,4,23,1,  383
A STRUCTOR  4,5,19,26,26,27,7,15,  313
A STOPPEUR  4,5,20,14,18,25,9,15,  383
A STOPOVER  4,5,20,14,28,13,21,15,  347
A STOKAVCI  4,5,20,22,7,13,5,9,  373
A STOCKERS  4,5,20,22,26,25,6,4,  373
A STOCKTON  4,5,20,22,26,27,7,10,  337
A STORKISH  4,5,20,23,26,4,24,11,  347
A STORRIES  4,5,20,23,27,4,21,4,  389
A STUDBOOK  4,5,22,4,14,11,7,14,  389
A STURSHUM  4,5,22,23,16,6,9,0,  373
A STUFFERS  4,5,22,27,2,25,6,4,  347
A SPINLOCK  4,8,13,18,11,11,5,14,  359
A SPIFFIER  4,8,13,27,2,4,21,15,  337
A SPHECIUS  4,8,15,9,26,4,9,4,  383
A SPHINXOS  4,8,15,17,22,0,7,4,  383
A SPRIGGER  4,8,19,17,25,8,21,15,  347
A SPREADHEAD  4,8,19,28,8,6,11,25,  733
A SPRINGWORM  4,8,19,28,24,11,6,0,  389
A SPONSORS  4,8,20,18,16,11,6,4,  353
A SPORTIVO  4,8,20,23,15,4,9,16,  311
A SPORTDOG  4,8,20,23,15,20,7,13,  383
A SPORTECH  4,8,20,23,15,25,5,11,  373
A SPOORNET  4,8,20,24,27,5,21,3,  373
A SPOFFISH  4,8,20,27,2,4,24,11,  311
A SPOFFORD  4,8,20,27,2,11,6,25,  311
A SPUNKIES  4,8,22,18,26,4,21,4,  389
A SPUNKIER  4,8,22,18,26,4,21,15,  347
A SPURLOCK  4,8,22,23,11,11,5,14,  313
A SILLCOCK  4,11,3,7,26,11,5,14,  373
A SILIGURI  4,11,3,17,25,13,6,9,  347
A SILKWOOD  4,11,3,22,24,11,7,25,  389
A SIMONTON  4,11,4,24,22,27,7,10,  383
A SIPOWICZ  4,11,10,24,24,4,5,4,  347
A SINEWOUS  4,11,14,9,24,11,9,4,  359
A SINCIPUT  4,11,14,22,21,1,9,3,  359
A SIHANOUK  4,11,15,3,22,11,9,14,  353
A SIGNPOST  4,11,17,18,18,11,24,3,  389
A SIGWINCH  4,11,17,20,21,5,5,11,  313
A SIGGRAPH  4,11,17,21,27,19,26,11,  389
A SICARIUS  4,11,18,3,27,4,9,4,  389
A SICKLIER  4,11,18,22,11,4,21,15,  389
A SIFFREDI  4,11,23,27,27,25,16,9,  383
A SNITCHER  4,12,13,11,26,6,21,15,  383
A SNOWLIKE  4,12,20,20,11,4,5,1,  389
A SNOWPLOW  4,12,20,20,18,23,7,12,  347
A SNOWNEWS  4,12,20,20,22,25,3,4,  373
A SNOWWORM  4,12,20,20,24,11,6,0,  313
A SNOOGANS  4,12,20,24,25,19,1,4,  389
A SNOOKERS  4,12,20,24,26,25,6,4,  337
A SNUFFLER  4,12,22,27,2,23,21,15,  337
A SNUFFMAN  4,12,22,27,2,24,15,10,  383
A SHEPPICK  4,13,5,14,18,4,5,14,  383
A SHEINKIN  4,13,5,17,22,9,0,10,  373
A SHEWCHUK  4,13,5,20,26,6,9,14,  311
A SHERBORN  4,13,5,23,14,11,6,10,  359
A SHERWOOD  4,13,5,23,24,11,7,25,  373
A ZHITOMIR  4,13,13,11,28,24,0,15,  383
A SHISHKIN  4,13,13,12,23,9,0,10,  353
A SHIPRUSH  4,13,13,14,27,13,24,11,  337
A SHIRTIER  4,13,13,23,15,4,21,15,  383
A SHIRKERS  4,13,13,23,26,25,6,4,  359
A SHRIEKER  4,13,19,17,13,9,21,15,  373
A SHOSHONE  4,13,20,12,23,11,1,1,  359
A SHOPBOOK  4,13,20,14,14,11,7,14,  311
A SHOPPISH  4,13,20,14,18,4,24,11,  373
A SHOPPORN  4,13,20,14,18,11,6,10,  313
A SHOCKERS  4,13,20,22,26,25,6,4,  337
A SHOREGOING  4,13,20,23,13,8,7,20,  359
A SHOOTIST  4,13,20,24,15,4,24,3,  389
A SHOUTOUT  4,13,20,26,15,11,9,3,  311
A SHOUTERS  4,13,20,26,15,25,6,4,  373
A SHUNPIKE  4,13,22,18,18,4,5,1,  359
A SHUGHART  4,13,22,21,23,19,6,3,  383
A SHUFFLES  4,13,22,27,2,23,21,4,  373
A SHARKOON  4,13,28,23,26,11,7,10,  337
A SWITCHER  4,14,13,11,26,6,21,15,  373
A SKEPTICO  4,16,5,14,15,4,5,16,  383
A SCERVINO  4,16,5,23,1,4,1,16,  311
A SKISHOPS  4,16,13,12,23,11,26,4,  373
A SKINNERS  4,16,13,18,22,25,6,4,  383
A SKIRMISH  4,16,13,23,12,4,24,11,  383
A SKIRWHIT  4,16,13,23,24,6,0,3,  337
A SCHAFFEN  4,16,15,3,2,14,21,10,  383
A SCHEIRER  4,16,15,9,21,10,21,15,  373
A SCHENKER  4,16,15,9,22,9,21,15,  373
A SCHECHTR  4,16,15,9,26,6,23,15,  359
A SCHERRER  4,16,15,9,27,10,21,15,  353
A SCHISTIC  4,16,15,17,16,27,0,14,  373
A SCHIZTIC  4,16,15,17,16,27,0,14,  373
A SCHICKEL  4,16,15,17,26,9,21,28,  383
A SCHRAGER  4,16,15,23,7,8,21,15,  389
A SCHREIER  4,16,15,23,13,4,21,15,  373
A SCHOUWEN  4,16,15,24,1,7,21,10,  311
A SCHOULER  4,16,15,24,1,23,21,15,  347
A SCHOTTER  4,16,15,24,15,27,21,15,  389
A SCHUBACH  4,16,15,26,14,19,5,11,  383
A SCHURTER  4,16,15,26,27,27,21,15,  337
A SCWAWKER  4,16,16,3,24,9,21,15,  389
A SCWEDUNK  4,16,16,9,8,13,1,14,  383
A SCWIFFED  4,16,16,17,2,14,21,25,  373
A SCWIRMER  4,16,16,17,27,24,21,15,  373
A SCRAGGER  4,16,19,3,25,8,21,15,  383
A SCREEVER  4,16,19,9,13,13,21,15,  389
A SKREIGHING  4,16,19,9,21,8,2,20,  389
A SCREWUPS  4,16,19,9,24,13,26,4,  359
A SCRIVERE  4,16,19,17,1,25,6,1,  353
A SCRIEVER  4,16,19,17,13,13,21,15,  353
A SCRIBNER  4,16,19,17,14,5,21,15,  373
A SCROGGIE  4,16,19,24,25,8,0,1,  313
A SCOTOSIS  4,16,20,11,28,28,0,4,  373
A SCOWBANK  4,16,20,20,14,19,1,14,  389
A SCORPIUS  4,16,20,23,18,4,9,4,  311
A SCORCHES  4,16,20,23,26,6,21,4,  337
A SCORCHED  4,16,20,23,26,6,21,25,  373
A SCOOBIES  4,16,20,24,14,4,21,4,  389
A SCULPTOR  4,16,22,7,18,27,7,15,  359
A SCULKERS  4,16,22,7,26,25,6,4,  383
A SKULKERS  4,16,22,7,26,25,6,4,  383
A SCUPPERS  4,16,22,14,18,25,6,4,  383
A SKUNKERY  4,16,22,18,26,25,6,22,  389
A SCURRILE  4,16,22,23,27,4,19,1,  359
A SKYRIVER  4,16,26,23,21,13,21,15,  389
A SCACCHIC  4,16,28,22,26,6,0,14,  353
A SOLOVYOV  4,18,3,24,1,17,7,18,  353
A SOSTEGNO  4,18,8,11,13,8,1,16,  389
A SOPERTON  4,18,10,9,27,27,7,10,  373
A SOILWORK  4,18,13,7,24,11,6,14,  311
A SOISSONS  4,18,13,12,16,11,1,4,  383
A SOININEN  4,18,13,18,21,5,21,10,  373
A SONLIGHT  4,18,14,7,21,8,2,3,  389
A SONSHINE  4,18,14,12,23,4,1,1,  389
A SONSHIPS  4,18,14,12,23,4,26,4,  389
A SONOGRAM  4,18,14,24,25,10,15,0,  389
A SONORANT  4,18,14,24,27,19,1,3,  389
A SOGGETTO  4,18,17,21,13,27,23,16,  383
A SOCOTRAN  4,18,18,24,15,10,15,10,  373
A SORENSON  4,18,19,9,22,28,7,10,  353
A SORCERER  4,18,19,22,13,10,21,15,  337
A SORRYISH  4,18,19,23,5,4,24,11,  389
A SORRIEST  4,18,19,23,21,25,24,3,  389
A SORORIZE  4,18,19,24,27,4,24,1,  337
A ZOOLOGIE  4,18,20,7,28,8,0,1,  359
A ZOOMZOOM  4,18,20,8,16,11,7,0,  373
A ZOOTOXIN  4,18,20,11,28,0,0,10,  337
A ZOOSCOPY  4,18,20,12,26,11,26,22,  383
A ZOONOSIS  4,18,20,18,28,28,0,4,  337
A ZOONOSES  4,18,20,18,28,28,21,4,  373
A SOVKHOZY  4,18,22,22,23,11,24,22,  359
A SOURBUSH  4,18,22,23,14,13,24,11,  311
A SOURNESS  4,18,22,23,22,25,24,4,  373
A SOURCETV  4,18,22,23,26,25,23,18,  313
A SOFFARID  4,18,23,27,7,10,0,25,  389
A SULPHITO  4,20,3,14,23,4,23,16,  389
A SULPHURS  4,20,3,14,23,13,6,4,  359
A SULPHURING  4,20,3,14,23,13,6,20,  383
A SUBTUTOR  4,20,6,11,1,27,7,15,  353
A SUBTONIC  4,20,6,11,28,5,0,14,  353
A SUBSTOCK  4,20,6,12,15,11,5,14,  359
A SUBSONIC  4,20,6,12,28,5,0,14,  347
A SUBGENUS  4,20,6,21,13,5,9,4,  383
A SUBCUTIS  4,20,6,22,1,27,0,4,  373
A SUBCRUST  4,20,6,22,27,13,24,3,  353
A SUBROGEE  4,20,6,23,28,8,21,1,  383
A SUBROUND  4,20,6,23,28,13,1,25,  353
A SUBUNITS  4,20,6,26,22,4,23,4,  389
A SUSCIPIT  4,20,8,22,21,1,0,3,  383
A SUSCRIBE  4,20,8,22,27,4,22,1,  389
A SUPERCOP  4,20,10,9,27,9,7,6,  337
A SUPERCOW  4,20,10,9,27,9,7,12,  313
A SUPERTUX  4,20,10,9,27,27,9,5,  383
A SUPPPORT  4,20,10,14,18,11,6,3,  359
A SUPPORTE  4,20,10,14,28,10,23,1,  383
A SUPPORTI  4,20,10,14,28,10,23,9,  347
A SUPRTOOL  4,20,10,23,15,11,7,28,  353
A SVILUPPO  4,20,13,7,1,1,26,16,  353
A SUIKODEN  4,20,13,22,28,20,21,10,  389
A SUNBLINK  4,20,14,10,11,4,1,14,  389
A SVNSERVE  4,20,14,12,13,10,9,1,  383
A SUNSTORM  4,20,14,12,15,11,6,0,  383
A SUNNCOMM  4,20,14,18,26,11,20,0,  373
A SUGARCRM  4,20,17,3,27,9,6,0,  373
A SUGIMURA  4,20,17,17,12,13,6,24,  383
A SUCHLIKE  4,20,18,19,11,4,5,1,  373
A SUCHWISE  4,20,18,19,24,4,24,1,  359
A SUCKLERS  4,20,18,22,11,25,6,4,  383
A SUCKENER  4,20,18,22,13,5,21,15,  353
A SUCCESSO  4,20,18,22,13,28,24,16,  359
A SUCCINCT  4,20,18,22,21,5,5,3,  311
A SUCCINUM  4,20,18,22,21,5,9,0,  313
A SUCCORED  4,20,18,22,28,10,21,25,  353
A SURESHOT  4,20,19,9,16,6,7,3,  373
A SUREWOOD  4,20,19,9,24,11,7,25,  353
A SURPRINT  4,20,19,14,27,4,1,3,  337
A SURUCUCU  4,20,19,26,26,13,5,18,  199
A SUFFERER  4,20,23,27,13,10,21,15,  313
A SUFFIXER  4,20,23,27,21,0,21,15,  313
A SFFWORLD  4,21,23,20,28,10,19,25,  353
A SYNCHROS  4,24,14,22,23,10,7,4,  389
A SYNCOPIC  4,24,14,22,28,1,0,14,  389
A SALVUCCI  4,26,3,26,1,9,5,9,  383
A ZABALETA  4,26,6,3,11,25,23,24,  701
A SABOURIN  4,26,6,24,1,10,0,10,  389
A ZAHAROFF  4,26,15,3,27,11,10,19,  389
A SAGUINUS  4,26,17,26,21,5,9,4,  383
A SDOCBOOK  4,27,20,22,14,11,7,14,  347
A XIPHIURA  5,11,10,19,21,13,6,24,  383
A XIPHODON  5,11,10,19,28,20,7,10,  373
A XOXOXOXO  5,18,9,24,17,11,25,16,  313
A PLOTINIC  6,1,20,11,21,5,0,14,  383
A PLUNKERS  6,1,22,18,26,25,6,4,  389
A PLUCKERS  6,1,22,22,26,25,6,4,  373
A PLAYLAND  6,1,28,1,11,19,1,25,  701
A PETRUCCI  6,3,7,23,1,9,5,9,  337
A PESERICO  6,3,8,9,27,4,5,16,  389
A PEPTONIC  6,3,10,11,28,5,0,14,  389
A PENACOOK  6,3,14,3,26,11,7,14,  373
A PENPOWER  6,3,14,14,28,7,21,15,  383
A PENUCHIS  6,3,14,26,26,6,0,4,  359
A PEGPWRLW  6,3,17,14,24,10,19,12,  389
A PECTINIC  6,3,18,11,21,5,0,14,  383
A PECTOSIC  6,3,18,11,28,28,0,14,  383
A PECORARO  6,3,18,24,27,19,6,16,  353
A PEREGRIN  6,3,19,9,25,10,0,10,  373
A PERJURES  6,3,19,16,1,10,21,4,  389
A PERJURER  6,3,19,16,1,10,21,15,  347
A PERINIUM  6,3,19,17,22,4,9,0,  383
A PERINTON  6,3,19,17,22,27,7,10,  373
A PERIGORD  6,3,19,17,25,11,6,25,  373
A PERCWEIR  6,3,19,22,24,25,0,15,  359
A PERONIUM  6,3,19,24,22,4,9,0,  359
A PTEROPUS  6,5,5,23,28,1,9,4,  383
A PSTRICKS  6,6,7,23,21,9,5,4,  373
A PJCTURES  6,10,18,11,1,10,21,4,  383
A PILULOUS  6,11,3,26,11,11,9,4,  383
A PISHPOSH  6,11,8,19,18,11,24,11,  373
A PINEWOOD  6,11,14,9,24,11,7,25,  389
A PINECONE  6,11,14,9,26,11,1,1,  383
A PINPRICK  6,11,14,14,27,4,5,14,  311
A PINOCHLE  6,11,14,24,26,6,19,1,  383
A PIGILITO  6,11,17,17,11,4,23,16,  389
A PICTUGES  6,11,18,11,1,8,21,4,  383
A PICTUREC  6,11,18,11,1,10,21,14,  337
A PICNICKING  6,11,18,18,21,9,5,20,  347
A PICNICKY  6,11,18,18,21,9,5,22,  373
A PICCANIN  6,11,18,22,7,5,0,10,  383
A PICKSTOP  6,11,18,22,16,27,7,6,  359
A PICKPOST  6,11,18,22,18,11,24,3,  359
A PICCOLOS  6,11,18,22,28,23,7,4,  337
A PNBLOCKS  6,12,6,7,28,9,5,4,  389
A PHLOGIUS  6,13,3,24,25,4,9,4,  347
A PHENOLIC  6,13,5,18,28,23,0,14,  383
A PHILIKON  6,13,13,7,21,9,7,10,  347
A PHILONIC  6,13,13,7,28,5,0,14,  347
A PHNXRECO  6,13,14,13,27,25,5,16,  337
A PHOLCOID  6,13,20,7,26,11,0,25,  383
A PHOTORET  6,13,20,11,28,10,21,3,  373
A PHOTOSIG  6,13,20,11,28,28,0,13,  337
A PHONEHOG  6,13,20,18,13,6,7,13,  313
A PHORMINX  6,13,20,23,12,4,1,5,  359
A PHORONID  6,13,20,23,28,5,0,25,  337
A PCTRONIX  6,16,7,23,28,5,0,5,  337
A PKCTURES  6,16,18,11,1,10,21,4,  359
A PRELOGIC  6,17,5,7,28,8,0,14,  359
A PREMOTOR  6,17,5,8,28,27,7,15,  373
A PRESHOWS  6,17,5,12,23,11,3,4,  373
A PRESCOUT  6,17,5,12,26,11,9,3,  353
A PREPRICE  6,17,5,14,27,4,5,1,  383
A PREGGERS  6,17,5,21,25,25,6,4,  383
A PRECHECK  6,17,5,22,23,25,5,14,  347
A PRECWOTE  6,17,5,22,24,11,23,1,  383
A PRECOOKS  6,17,5,22,28,11,5,4,  311
A PRERECWI  6,17,5,23,13,9,3,9,  359
A PREVENIR  6,17,5,26,13,5,0,15,  359
A PREOBVIOUS  6,17,11,10,1,16,9,4,  383
A PRIMULIC  6,17,13,8,1,23,0,14,  373
A PRIMAKOV  6,17,13,8,7,9,7,18,  373
A PRIGSTER  6,17,13,21,16,27,21,15,  389
A PRIGGESS  6,17,13,21,25,25,24,4,  389
A PRIVILEG  6,17,13,26,21,23,21,13,  373
A PRODUIRE  6,17,20,4,1,4,6,1,  359
A PRODUCES  6,17,20,4,1,9,21,4,  383
A PRODUKTE  6,17,20,4,1,9,23,1,  389
A PRODUCTI  6,17,20,4,1,9,23,9,  353
A PRODRIVE  6,17,20,4,27,4,9,1,  359
A PROLOGUS  6,17,20,7,28,8,9,4,  311
A PROMULGE  6,17,20,8,1,23,4,1,  389
A PROMOCJE  6,17,20,8,28,9,28,1,  353
A PROMOCJA  6,17,20,8,28,9,28,24,  383
A PROMORPH  6,17,20,8,28,10,26,11,  313
A PROMOTOR  6,17,20,8,28,27,7,15,  313
A PROMOTER  6,17,20,8,28,27,21,15,  373
A PROBASCO  6,17,20,10,7,28,5,16,  389
A PROBONUS  6,17,20,10,28,5,9,4,  311
A PROTOPIC  6,17,20,11,28,1,0,14,  311
A PROTOGOD  6,17,20,11,28,8,7,25,  337
A PROSECCO  6,17,20,12,13,9,5,16,  311
A PROSTOON  6,17,20,12,15,11,7,10,  313
A PROSSIMO  6,17,20,12,16,4,20,16,  373
A PROSCIND  6,17,20,12,26,4,1,25,  373
A PROJECTW  6,17,20,16,13,9,23,12,  353
A PROJECTC  6,17,20,16,13,9,23,14,  347
A PROJEKTU  6,17,20,16,13,9,23,18,  337
A PROJSCTS  6,17,20,16,16,9,23,4,  373
A PROHECTS  6,17,20,19,13,9,23,4,  373
A PROGRESS  6,17,20,21,27,25,24,4,  359
A PROGRESO  6,17,20,21,27,25,24,16,  313
A PROCHIST  6,17,20,22,23,4,24,3,  337
A PROVENCE  6,17,20,26,13,5,5,1,  337
A PROUECTS  6,17,20,26,13,9,23,4,  353
A PROVERBS  6,17,20,26,13,10,22,4,  353
A PROVIGIL  6,17,20,26,21,8,0,28,  313
A PROVICAR  6,17,20,26,21,9,15,15,  313
A PROVIRAL  6,17,20,26,21,10,15,28,  373
A PROVIDER  6,17,20,26,21,20,21,15,  359
A PROVOKED  6,17,20,26,28,9,21,25,  337
A PROFFITT  6,17,20,27,2,4,23,3,  311
A PRUTENIC  6,17,22,11,13,5,0,14,  353
A PRUNETOL  6,17,22,18,13,27,7,28,  389
A PRURITUS  6,17,22,23,21,27,9,4,  311
A PREAXIALLY  6,17,24,13,4,23,19,22,  739
A PRANBURI  6,17,28,18,14,13,6,9,  383
A POLYHAEMIA  6,18,3,1,23,18,20,21,  709
A POLTINIK  6,18,3,11,21,5,0,14,  383
A POLSKICH  6,18,3,12,26,4,5,11,  353
A POLPERRO  6,18,3,14,13,10,6,16,  359
A POLIDORI  6,18,3,17,8,11,6,9,  389
A POLONICK  6,18,3,24,22,4,5,14,  313
A POTERIUM  6,18,7,9,27,4,9,0,  389
A POTRYKUS  6,18,7,23,5,9,9,4,  389
A POSTUMUS  6,18,8,11,1,24,9,4,  389
A POSTBOOK  6,18,8,11,14,11,7,14,  347
A POSTSIGN  6,18,8,11,16,4,4,10,  389
A POSTICWE  6,18,8,11,21,9,3,1,  389
A POSTICUS  6,18,8,11,21,9,9,4,  359
A POSITRON  6,18,8,17,15,10,7,10,  337
A POPEHOOD  6,18,10,9,23,11,7,25,  383
A POPWORLD  6,18,10,20,28,10,19,25,  389
A POPUNDER  6,18,10,26,22,20,21,15,  389
A POIMENIC  6,18,13,8,13,5,0,14,  389
A POISSONS  6,18,13,12,16,11,1,4,  373
A POISSERR  6,18,13,12,16,25,6,15,  373
A POINTURE  6,18,13,18,15,13,6,1,  347
A POINTEUR  6,18,13,18,15,25,9,15,  347
A POWERPOP  6,18,16,9,27,1,7,6,  337
A POWERPOD  6,18,16,9,27,1,7,25,  383
A POWERONE  6,18,16,9,27,11,1,1,  347
A POWERBOX  6,18,16,9,27,26,7,5,  359
A POWERTCP  6,18,16,9,27,27,5,6,  359
A POWERTEC  6,18,16,9,27,27,21,14,  383
A POKEROOT  6,18,18,9,27,11,7,3,  311
A POCTURES  6,18,18,11,1,10,21,4,  353
A POCKIEST  6,18,18,22,21,25,24,3,  383
A PORTFOLIO  6,18,19,11,2,11,19,21,  337
A PORTMORE  6,18,19,11,12,11,6,1,  373
A PORPOISE  6,18,19,14,28,4,24,1,  359
A PORRIDGE  6,18,19,23,21,20,4,1,  373
A POOLROOT  6,18,20,7,27,11,7,3,  311
A POULDRON  6,18,22,7,8,10,7,10,  359
A POVIDONE  6,18,22,17,8,11,1,1,  373
A POURRAIT  6,18,22,23,27,19,0,3,  359
A POACHIER  6,18,28,22,23,4,21,15,  389
A PUMPKINS  6,20,4,14,26,4,1,4,  383
A PUMICERS  6,20,4,17,26,25,6,4,  389
A PUBBLICO  6,20,6,10,11,4,5,16,  389
A PUNITORY  6,20,14,17,15,11,6,22,  383
A PUNCHIES  6,20,14,22,23,4,21,4,  359
A PUNCHBAG  6,20,14,22,23,26,15,13,  383
A PUCKLIKE  6,20,18,22,11,4,5,1,  353
A PUCKSTER  6,20,18,22,16,27,21,15,  359
A PURLOINS  6,20,19,7,28,4,1,4,  347
A PURSUITS  6,20,19,12,1,4,23,4,  353
A PURPUSES  6,20,19,14,1,28,21,4,  373
A PURPRISE  6,20,19,14,27,4,24,1,  359
A PURRINGTON  6,20,19,23,3,27,7,10,  337
A PYRROLIC  6,24,19,23,28,23,0,14,  389
A PALAESTRAE  6,26,3,2,16,27,6,23,  761
A PALAMATE  6,26,3,3,12,19,23,1,  701
A PALAMEDE  6,26,3,3,12,25,16,1,  701
A PASCWINO  6,26,8,22,24,4,1,16,  389
A PANOCOCO  6,26,14,24,26,11,5,16,  313
A PACHYAEMIA  6,26,18,19,5,18,20,21,  739
A PACHINKO  6,26,18,19,21,5,5,16,  353
A PARKWOOD  6,26,19,22,24,11,7,25,  383
A PARVULUS  6,26,19,26,1,23,9,4,  383
A PARVENIR  6,26,19,26,13,5,0,15,  389
A PAVLOVSK  6,26,22,7,28,13,24,14,  389
A JENOPTIK  8,3,14,24,18,27,0,14,  383
A JENOPTIC  8,3,14,24,18,27,0,14,  383
A JEHOVISM  8,3,15,24,1,4,24,0,  389
A JECORIZE  8,3,18,24,27,4,24,1,  383
A JEFFRESS  8,3,23,27,27,25,24,4,  389
A JIMCRACK  8,11,4,22,27,19,5,14,  383
A JWISSICK  8,14,13,12,16,4,5,14,  347
A JWONLINE  8,14,20,18,11,4,1,1,  389
A JOLLIFFE  8,18,3,7,21,14,10,1,  389
A JOSEPHUS  8,18,8,9,18,6,9,4,  383
A JONCWILS  8,18,14,22,24,4,19,4,  359
A JOHNJORD  8,18,15,18,20,11,6,25,  337
A JOHNNIES  8,18,15,18,22,4,21,4,  373
A JOCUNDRY  8,18,18,26,22,20,6,22,  389
A JOOKERIE  8,18,20,22,13,10,0,1,  337
A JUJITSUS  8,20,12,17,15,28,9,4,  373
A JUJUISTS  8,20,12,26,21,28,23,4,  373
A JUNTUNEN  8,20,14,11,1,5,21,10,  353
A JUNKETER  8,20,14,22,13,27,21,15,  383
A JUNKIEST  8,20,14,22,21,25,24,3,  389
A JURRASIC  8,20,19,23,7,28,0,14,  353
A JANOWSKI  8,26,14,24,24,28,5,9,  383
A JACCONOT  8,26,18,22,28,5,7,3,  359
A JARGONER  8,26,19,21,28,5,21,15,  373
A ILLHUMOR  9,1,3,19,1,24,7,15,  389
A IMPRISON  9,2,10,23,21,28,7,10,  373
A IMPROVES  9,2,10,23,28,13,21,4,  383
A IMPOSURE  9,2,10,24,16,13,6,1,  383
A IMPULSOR  9,2,10,26,11,28,7,15,  389
A ITCHYCOO  9,5,18,19,5,9,7,16,  353
A INDRENCH  9,12,0,23,13,5,5,11,  389
A INTLWIKI  9,12,7,7,24,4,5,9,  383
A INTERNOS  9,12,7,9,27,5,7,4,  383
A INTERCHG  9,12,7,9,27,9,2,13,  347
A INTERCOT  9,12,7,9,27,9,7,3,  373
A INTERRUN  9,12,7,9,27,10,9,10,  337
A INTERREG  9,12,7,9,27,10,21,13,  389
A INTERRER  9,12,7,9,27,10,21,15,  383
A INTERVJU  9,12,7,9,27,13,28,18,  337
A INTERSOW  9,12,7,9,27,28,7,12,  373
A INTSCHER  9,12,7,12,26,6,21,15,  383
A INTRENCH  9,12,7,23,13,5,5,11,  359
A INTRCOMM  9,12,7,23,26,11,20,0,  389
A INTROGEN  9,12,7,23,28,8,21,10,  347
A INTONERS  9,12,7,24,22,25,6,4,  383
A INSPIRER  9,12,8,14,21,10,21,15,  373
A INSOURCE  9,12,8,24,1,10,5,1,  311
A INJURIES  9,12,12,26,27,4,21,4,  359
A INNOVACE  9,12,14,24,1,19,5,1,  373
A INWEIGHT  9,12,16,9,21,8,2,3,  373
A INCANOUS  9,12,18,3,22,11,9,4,  359
A INCLUIDO  9,12,18,7,1,4,16,16,  373
A INCENSOR  9,12,18,9,22,28,7,15,  337
A INCIVISM  9,12,18,17,1,4,24,0,  359
A INCRUSTING  9,12,18,23,1,28,23,20,  373
A INCOURSE  9,12,18,24,1,10,24,1,  311
A INCONTRA  9,12,18,24,22,27,6,24,  373
A INCUMBER  9,12,18,26,12,26,21,15,  383
A INRIGGER  9,12,19,17,25,8,21,15,  311
A INRIGGED  9,12,19,17,25,8,21,25,  389
A INOSCOPY  9,12,20,12,26,11,26,22,  383
A INVERSUS  9,12,22,9,27,28,9,4,  347
A INVIRILE  9,12,22,17,27,4,19,1,  373
A INVOKERS  9,12,22,24,26,25,6,4,  311
A INFERIORE  9,12,23,9,27,16,6,1,  353
A INFOFREE  9,12,23,24,2,10,21,1,  313
A IGNITRON  9,15,14,17,15,10,7,10,  311
A IGASURIC  9,15,28,12,1,10,0,14,  353
A ICOSTEUS  9,16,20,12,15,25,9,4,  383
A IKONCODE  9,16,20,18,26,11,16,1,  353
A IRENICUM  9,17,5,18,21,9,9,0,  353
A IRISCOPE  9,17,13,12,26,11,26,1,  353
A IRWINTON  9,17,16,17,22,27,7,10,  313
A IRRIGANT  9,17,19,17,25,19,1,3,  383
A IRONLIKE  9,17,20,18,11,4,5,1,  359
A IRONBACK  9,17,20,18,14,19,5,14,  359
A IRONSHOD  9,17,20,18,16,6,7,25,  347
A IRONICAL  9,17,20,18,21,9,15,28,  389
A IVORYTON  9,20,20,23,5,27,7,10,  347
A IVANOVIC  9,20,28,18,28,13,0,14,  311
A IDILOGIC  9,27,13,7,28,8,0,14,  389
A NEMEROFF  10,3,4,9,27,11,10,19,  353
A NETROOTS  10,3,7,23,28,11,23,4,  389
A NEPTUNUS  10,3,10,11,1,5,9,4,  383
A NEPHRONS  10,3,10,19,27,11,1,4,  359
A NEPHROPS  10,3,10,19,27,11,26,4,  373
A NEWBORNS  10,3,16,10,28,10,1,4,  373
A NEWBOOKS  10,3,16,10,28,11,5,4,  353
A NEWSBOOK  10,3,16,12,14,11,7,14,  353
A NEGROISM  10,3,17,23,28,4,24,0,  383
A NECKROLL  10,3,18,22,27,11,19,28,  383
A NEVERUST  10,3,22,9,27,13,24,3,  389
A NEUPOGEN  10,3,22,14,28,8,21,10,  359
A NEUROPOD  10,3,22,23,28,1,7,25,  353
A NEUROPOL  10,3,22,23,28,1,7,28,  337
A NEUROSCI  10,3,22,23,28,28,5,9,  311
A NSWINDOW  10,6,16,17,22,20,7,12,  373
A NEOFORUMS  10,9,23,24,27,13,20,4,  347
A NILGIRIS  10,11,3,21,21,10,0,4,  373
A NIEUPORT  10,11,5,26,18,11,6,3,  347
A NITROGEN  10,11,7,23,28,8,21,10,  347
A NISOURCE  10,11,8,24,1,10,5,1,  311
A NIKOLSKI  10,11,18,24,11,28,5,9,  347
A NODICORN  10,18,0,17,26,11,6,10,  313
A NOBUYUKI  10,18,6,26,5,13,5,9,  347
A NOTEBOOK  10,18,7,9,14,11,7,14,  347
A NOTCHERS  10,18,7,22,23,25,6,4,  359
A NOTROPIS  10,18,7,23,28,1,0,4,  337
A NOTOURLY  10,18,7,24,1,10,19,22,  389
A NOSTRUMS  10,18,8,11,27,13,20,4,  383
A NOIBWOOD  10,18,13,10,24,11,7,25,  347
A NONARCHING  10,18,14,3,27,9,2,20,  383
A NONARCKING  10,18,14,3,27,9,5,20,  373
A NONLIVES  10,18,14,7,21,13,21,4,  389
A NONLOSER  10,18,14,7,28,28,21,15,  373
A NONTRUST  10,18,14,11,27,13,24,3,  347
A NONSYNON  10,18,14,12,5,5,7,10,  383
A NONSMOKING  10,18,14,12,12,11,5,20,  383
A NONZEROS  10,18,14,12,13,10,7,4,  353
A NONSTORE  10,18,14,12,15,11,6,1,  359
A NONSKIER  10,18,14,12,26,4,21,15,  337
A NONPRESS  10,18,14,14,27,25,24,4,  389
A NONINERT  10,18,14,17,22,25,6,3,  359
A NONHUNTING  10,18,14,19,1,5,23,20,  353
A NONCUTTING  10,18,14,22,1,27,23,20,  373
A NONROUSING  10,18,14,23,28,13,24,20,  313
A NOWHERES  10,18,16,19,13,10,21,4,  373
A NOGUEIRA  10,18,17,26,13,4,6,24,  359
A NORDBERG  10,18,19,4,14,25,6,13,  389
A NORMBLOG  10,18,19,8,14,23,7,13,  373
A NORMOXIC  10,18,19,8,28,0,0,14,  313
A NORETURN  10,18,19,9,15,13,6,10,  313
A NORNALUP  10,18,19,18,7,23,9,6,  389
A NORRIDGE  10,18,19,23,21,20,4,1,  359
A NOOKLIKE  10,18,20,22,11,4,5,1,  337
A NOVELISH  10,18,22,9,11,4,24,11,  383
A NOVEMBRO  10,18,22,9,12,26,6,16,  353
A NOVINITE  10,18,22,17,22,4,23,1,  353
A NOVOCAIN  10,18,22,24,26,19,0,10,  313
A NUMENIUS  10,20,4,9,22,4,9,4,  383
A NUMBERIC  10,20,4,10,13,10,0,14,  383
A NUMPUNCT  10,20,4,14,1,5,5,3,  347
A NUMURKAH  10,20,4,26,27,9,15,11,  347
A NUGUMIUT  10,20,17,26,12,4,9,3,  313
A NURTURAL  10,20,19,11,1,10,15,28,  383
A NAKAYAMA  10,26,18,3,5,19,20,24,  701
A NARDUCCI  10,26,19,4,1,9,5,9,  383
A NARCOTIN  10,26,19,22,28,27,0,10,  373
A NAUMBURG  10,26,22,8,14,13,6,13,  389
A HELCOTIC  11,3,3,22,28,27,0,14,  383
A HETTRICK  11,3,7,11,27,4,5,14,  373
A HEINSOHN  11,3,13,18,16,11,2,10,  359
A HEIGHTON  11,3,13,21,23,27,7,10,  353
A HENDRICH  11,3,14,4,27,4,5,11,  383
A HENDRICK  11,3,14,4,27,4,5,14,  373
A HENRICHS  11,3,14,23,21,9,2,4,  347
A HENRICKS  11,3,14,23,21,9,5,4,  337
A HENROOST  11,3,14,23,28,11,24,3,  353
A HEREUPON  11,3,19,9,1,1,7,10,  347
A HERITORS  11,3,19,17,15,11,6,4,  359
A HEROLIKE  11,3,19,24,11,4,5,1,  389
A HERONSEW  11,3,19,24,22,28,21,12,  373
A HTANCHOR  11,5,28,18,26,6,7,15,  359
A HPGLVIEW  11,8,17,7,1,4,21,12,  373
A HPCINTER  11,8,18,17,22,27,21,15,  373
A HILLOCKS  11,11,3,7,28,9,5,4,  383
A HIERARCH  11,11,5,23,7,10,5,11,  373
A HITCHINS  11,11,7,22,23,4,1,4,  359
A HISTOGEN  11,11,8,11,28,8,21,10,  383
A HIPPOPOD  11,11,10,14,28,1,7,25,  383
A HIJACKER  11,11,12,3,26,9,21,15,  389
A HINRICHS  11,11,14,23,21,9,2,4,  311
A HIGHVIEW  11,11,17,19,1,4,21,12,  311
A HIGHMORE  11,11,17,19,12,11,6,1,  347
A HIGHMARK  11,11,17,19,12,19,6,14,  383
A HIGHTONE  11,11,17,19,15,11,1,1,  353
A HIGHTECH  11,11,17,19,15,25,5,11,  353
A HIGHWIND  11,11,17,19,24,4,1,25,  359
A HIGHWOOD  11,11,17,19,24,11,7,25,  313
A HIGHRISE  11,11,17,19,27,4,24,1,  353
A HIGGLERS  11,11,17,21,11,25,6,4,  389
A HICKMOTT  11,11,18,22,12,11,23,3,  373
A HIRSCHEN  11,11,19,12,26,6,21,10,  347
A HIRRIENT  11,11,19,23,21,25,1,3,  359
A HNWMENWN  11,12,16,8,13,5,3,10,  383
A HODGKINS  11,18,0,21,26,4,1,4,  359
A HODGKISS  11,18,0,21,26,4,24,4,  383
A HOLODECK  11,18,3,24,8,25,5,14,  389
A HOLOZOIC  11,18,3,24,16,11,0,14,  311
A HOLOPTIC  11,18,3,24,18,27,0,14,  353
A HOLOCENE  11,18,3,24,26,25,1,1,  383
A HOMEBORN  11,18,4,9,14,11,6,10,  373
A HOMODONT  11,18,4,24,8,11,1,3,  389
A HOMUNCLE  11,18,4,26,22,9,19,1,  383
A HOZELOCK  11,18,8,9,11,11,5,14,  353
A HOSTSHIP  11,18,8,11,16,6,0,6,  389
A HOSTPORT  11,18,8,11,18,11,6,3,  359
A HOSCHTON  11,18,8,22,23,27,7,10,  311
A HOISINGTON  11,18,13,12,3,27,7,10,  383
A HONORAND  11,18,14,24,27,19,1,25,  389
A HONORESS  11,18,14,24,27,25,24,4,  347
A HOGNOSES  11,18,17,18,28,28,21,4,  353
A HOGWARTS  11,18,17,20,7,10,23,4,  383
A HOGREEVE  11,18,17,23,13,25,9,1,  359
A HOCHZEIT  11,18,18,19,16,25,0,3,  373
A HORSEBOX  11,18,19,12,13,26,7,5,  373
A HORIZONS  11,18,19,17,16,11,1,4,  311
A HOOKSWINGING  11,18,20,22,16,7,11,20,  373
A HOOKWEED  11,18,20,22,24,25,21,25,  389
A HOULIHAN  11,18,22,7,21,6,15,10,  383
A HOUSETOP  11,18,22,12,13,27,7,6,  359
A HOUNSLOW  11,18,22,18,16,23,7,12,  311
A HUMEWOOD  11,20,4,9,24,11,7,25,  383
A HUMULONE  11,20,4,26,11,11,1,1,  373
A HUSKLIKE  11,20,8,22,11,4,5,1,  373
A HUNTINGTON  11,20,14,11,3,27,7,10,  383
A HUGHSTON  11,20,17,19,16,27,7,10,  311
A HUFFIEST  11,20,23,27,21,25,24,3,  337
A HEALTHMATE  11,22,3,25,12,19,23,1,  733
A HYPOCONE  11,24,10,24,26,11,1,1,  389
A HALBROOK  11,26,3,10,27,11,7,14,  389
A HACKBUSH  11,26,18,22,14,13,24,11,  383
A HARTSOCK  11,26,19,11,16,11,5,14,  373
A HARTWORT  11,26,19,11,24,11,6,3,  383
A HARRISON  11,26,19,23,21,28,7,10,  359
A HAUBRICH  11,26,22,10,27,4,5,11,  359
A WEEDHOOK  12,3,5,4,23,11,7,14,  389
A WEEKVIEW  12,3,5,22,1,4,21,12,  383
A WEBTUTOR  12,3,6,11,1,27,7,15,  383
A WEBWORKS  12,3,6,20,28,10,5,4,  347
A WESTCONN  12,3,8,11,26,11,1,10,  373
A WESTRICH  12,3,8,11,27,4,5,11,  373
A WESTOVER  12,3,8,11,28,13,21,15,  383
A WENDOVER  12,3,14,4,28,13,21,15,  389
A WERNECKE  12,3,19,18,13,9,5,1,  383
A WERNICKE  12,3,19,18,21,9,5,1,  347
A WERKZEUG  12,3,19,22,16,25,9,13,  347
A WIDEWORK  12,11,0,9,24,11,6,14,  353
A WILLGOTO  12,11,3,7,25,11,23,16,  383
A WILKESON  12,11,3,22,13,28,7,10,  389
A WILCOXEN  12,11,3,22,28,0,21,10,  383
A WISKINKY  12,11,8,22,21,5,5,22,  389
A WINDSORS  12,11,14,4,16,11,6,4,  389
A WINDIGOS  12,11,14,4,21,8,7,4,  373
A WINBLOWS  12,11,14,10,11,11,3,4,  389
A WINTRISH  12,11,14,11,27,4,24,11,  353
A WINSPOOL  12,11,14,12,18,11,7,28,  359
A WINNABOW  12,11,14,18,7,26,7,12,  389
A WINNERSH  12,11,14,18,13,10,24,11,  359
A WINCKLER  12,11,14,22,26,23,21,15,  353
A WIKILINK  12,11,18,17,11,4,1,14,  337
A WIKITECH  12,11,18,17,15,25,5,11,  353
A WIKINEWS  12,11,18,17,22,25,3,4,  359
A WIKIHOME  12,11,18,17,23,11,20,1,  359
A WICKLINE  12,11,18,22,11,4,1,1,  373
A WIRESPUN  12,11,19,9,16,1,9,10,  353
A WIRKLICH  12,11,19,22,11,4,5,11,  311
A WHENEVER  12,13,5,18,13,13,21,15,  383
A WHITBLOW  12,13,13,11,14,23,7,12,  389
A WHITBECK  12,13,13,11,14,25,5,14,  383
A WHIPJACK  12,13,13,14,20,19,5,14,  373
A WHIPWISE  12,13,13,14,24,4,24,1,  383
A WHINSTON  12,13,13,18,16,27,7,10,  347
A WHINNIER  12,13,13,18,22,4,21,15,  337
A WHIGSHIP  12,13,13,21,16,6,0,6,  337
A WHIGGISM  12,13,13,21,25,4,24,0,  359
A WHIGGISH  12,13,13,21,25,4,24,11,  311
A WHIRPOOL  12,13,13,23,18,11,7,28,  311
A WHIFFETS  12,13,13,27,2,25,23,4,  353
A WHOSEVER  12,13,20,12,13,13,21,15,  347
A WHORESON  12,13,20,23,13,28,7,10,  313
A WHOOPEES  12,13,20,24,18,25,21,4,  383
A WWWLOWES  12,14,16,7,28,7,21,4,  373
A WWWLOTTO  12,14,16,7,28,27,23,16,  359
A WWWMTVBR  12,14,16,8,15,13,22,15,  359
A WWWEPSON  12,14,16,9,18,28,7,10,  353
A WWWBORED  12,14,16,10,28,10,21,25,  389
A WWWTESCO  12,14,16,11,13,28,5,16,  353
A WWWTOOLS  12,14,16,11,28,11,19,4,  353
A WWWSUCKING  12,14,16,12,1,9,5,20,  313
A WWWJANUS  12,14,16,16,7,5,9,4,  373
A WWWJPOST  12,14,16,16,18,11,24,3,  353
A WWWHPCOM  12,14,16,19,18,9,7,0,  311
A WWWCDNOW  12,14,16,22,8,5,7,12,  311
A WWWKODAK  12,14,16,22,28,20,15,14,  373
A WWWONELT  12,14,16,24,22,25,19,3,  389
A WWWUSHER  12,14,16,26,16,6,21,15,  311
A WWWVIVID  12,14,16,26,21,13,0,25,  311
A WWWUHAUL  12,14,16,26,23,19,9,28,  353
A WRENCHER  12,17,5,18,26,6,21,15,  337
A WRITEUPS  12,17,13,11,13,13,26,4,  383
A WRONGFILE  12,17,20,6,2,4,19,1,  353
A WOLINSKI  12,18,3,17,22,28,5,9,  353
A WORABURI  12,18,19,3,14,13,6,9,  337
A WORDBOOK  12,18,19,4,14,11,7,14,  311
A WORLDCUB  12,18,19,7,8,9,9,2,  373
A WORMLIKE  12,18,19,8,11,4,5,1,  389
A WORSHIPS  12,18,19,12,23,4,26,4,  337
A WORKBANK  12,18,19,22,14,19,1,14,  347
A WORKPLAN  12,18,19,22,18,23,15,10,  389
A WORKWEEK  12,18,19,22,24,25,21,14,  313
A WORKKEYS  12,18,19,22,26,25,13,4,  383
A WORKREST  12,18,19,22,27,25,24,3,  337
A WORRITER  12,18,19,23,21,27,21,15,  313
A WOODBUSH  12,18,20,4,14,13,24,11,  359
A WOODHOLE  12,18,20,4,23,11,19,1,  389
A WOODWISE  12,18,20,4,24,4,24,1,  389
A WOODGRUB  12,18,20,4,25,10,9,2,  311
A WOODCUTS  12,18,20,4,26,13,23,4,  347
A WOOLPERT  12,18,20,7,18,25,6,3,  383
A WOOOHOOO  12,18,20,24,23,11,7,16,  181
A WURRALUH  12,20,19,23,7,23,9,11,  337
A WAHEGURU  12,26,15,9,25,13,6,18,  337
A WAGEWORK  12,26,17,9,24,11,6,14,  347
A WARLOCKS  12,26,19,7,28,9,5,4,  383
A WARNISON  12,26,19,18,21,28,7,10,  373
A WARHURST  12,26,19,19,1,10,24,3,  373
A WARWICKS  12,26,19,20,21,9,5,4,  353
A WARRINER  12,26,19,23,21,5,21,15,  373
A WAVERTON  12,26,22,9,27,27,7,10,  389
A GLOBOCOM  13,1,20,10,28,9,7,0,  353
A GLUHWEIN  13,1,22,19,24,25,0,10,  359
A GLUCAGON  13,1,22,22,7,8,7,10,  353
A GLUCINUM  13,1,22,22,21,5,9,0,  337
A GLUCOSID  13,1,22,22,28,28,0,25,  383
A GLUCOSAN  13,1,22,22,28,28,15,10,  389
A GLUCOSES  13,1,22,22,28,28,21,4,  383
A GLYCONIC  13,1,26,22,28,5,0,14,  383
A GLYCOCIN  13,1,26,22,28,9,0,10,  383
A GLASCOCK  13,1,28,12,26,11,5,14,  383
A GEBRUIKT  13,3,6,23,1,4,5,3,  359
A GEBRAUCH  13,3,6,23,7,13,5,11,  389
A GETOWNER  13,3,7,24,24,5,21,15,  373
A GESCHIKT  13,3,8,22,23,4,5,3,  373
A GENENCOR  13,3,14,9,22,9,7,15,  337
A GENUITEC  13,3,14,26,21,27,21,14,  383
A GERSHWIN  13,3,19,12,23,7,0,10,  347
A GERONIMO  13,3,19,24,22,4,20,16,  337
A GIBERSON  13,11,6,9,27,28,7,10,  373
A GISBORNE  13,11,8,10,28,10,1,1,  373
A GINSBERG  13,11,14,12,14,25,6,13,  383
A GINZBERG  13,11,14,12,14,25,6,13,  383
A GIGGLISH  13,11,17,21,11,4,24,11,  359
A GIGGLERS  13,11,17,21,11,25,6,4,  383
A GIRGARRE  13,11,19,21,7,10,6,1,  359
A GIVENCHY  13,11,22,9,22,9,2,22,  383
A GNOSTICE  13,12,20,12,15,4,5,1,  373
A GNOSTICS  13,12,20,12,15,4,5,4,  359
A GHETCHOO  13,13,5,11,26,6,7,16,  313
A GWARCHOD  13,14,28,23,26,6,7,25,  373
A GREYBOOK  13,17,5,1,14,11,7,14,  383
A GREETIHG  13,17,5,9,15,4,2,13,  389
A GREETIGG  13,17,5,9,15,4,4,13,  383
A GREENHOW  13,17,5,9,22,6,7,12,  337
A GREENHUT  13,17,5,9,22,6,9,3,  373
A GRETCHEN  13,17,5,11,26,6,21,10,  383
A GRESTORE  13,17,5,12,15,11,6,1,  389
A GRENLOCH  13,17,5,18,11,11,5,11,  337
A GREGGORY  13,17,5,21,25,11,6,22,  347
A GREGORYS  13,17,5,21,28,10,13,4,  383
A GRIDCOSM  13,17,13,4,26,11,24,0,  389
A GRIMBERG  13,17,13,8,14,25,6,13,  383
A GRIMSIRE  13,17,13,8,16,4,6,1,  389
A GRIMSRUD  13,17,13,8,16,10,9,25,  383
A GRITTIER  13,17,13,11,15,4,21,15,  383
A GRIPPERS  13,17,13,14,18,25,6,4,  373
A GRIGNANI  13,17,13,21,22,19,1,9,  359
A GRIGGLES  13,17,13,21,25,23,21,4,  383
A GRIFFADO  13,17,13,27,2,19,16,16,  353
A GROANERS  13,17,20,3,22,25,6,4,  389
A GROINERY  13,17,20,17,22,25,6,22,  373
A GROWTHFUL  13,17,20,20,0,14,9,28,  311
A GROGGILY  13,17,20,21,25,4,19,22,  373
A GROGGERY  13,17,20,21,25,25,6,22,  347
A GROVELER  13,17,20,26,13,23,21,15,  353
A GROUPAGE  13,17,20,26,18,19,4,1,  359
A GROUNDINGS  13,17,20,26,22,20,11,4,  383
A GRUBBIER  13,17,22,10,14,4,21,15,  359
A GRUTNESS  13,17,22,11,22,25,24,4,  389
A GRUNDNER  13,17,22,18,8,5,21,15,  353
A GRUNBAUM  13,17,22,18,14,19,9,0,  389
A GRUNBERG  13,17,22,18,14,25,6,13,  313
A GRUNTERS  13,17,22,18,15,25,6,4,  347
A GRUFFUDD  13,17,22,27,2,13,16,25,  313
A GRUFFEST  13,17,22,27,2,25,24,3,  311
A GRYPHONS  13,17,26,14,23,11,1,4,  383
A GRABHORN  13,17,28,10,23,11,6,10,  353
A GRATTOIR  13,17,28,11,15,11,0,15,  389
A GRAVURES  13,17,28,26,1,10,21,4,  359
A GRAVITIC  13,17,28,26,21,27,0,14,  359
A GRAFFITI  13,17,28,27,2,4,23,9,  347
A GODHOODS  13,18,0,19,28,11,16,4,  389
A GOLDRUSH  13,18,3,4,27,13,24,11,  373
A GOLLNICK  13,18,3,7,22,4,5,14,  353
A GOTOVINA  13,18,7,24,1,4,1,24,  347
A GOSTOSOS  13,18,8,11,28,28,7,4,  353
A GOSPORTS  13,18,8,14,28,10,23,4,  347
A GOSPODIN  13,18,8,14,28,20,0,10,  373
A GOSCHENS  13,18,8,22,23,25,1,4,  359
A GONOMERE  13,18,14,24,12,25,6,1,  373
A GOWNSMEN  13,18,16,18,16,24,21,10,  389
A GOGMAGOG  13,18,17,8,7,8,7,13,  347
A GOGGLIER  13,18,17,21,11,4,21,15,  337
A GOGGLERS  13,18,17,21,11,25,6,4,  359
A GORANSON  13,18,19,3,22,28,7,10,  347
A GORGERET  13,18,19,21,13,10,21,3,  353
A GOODVIEW  13,18,20,4,1,4,21,12,  337
A GOODISON  13,18,20,4,21,28,7,10,  337
A GOODGOOD  13,18,20,4,25,11,7,25,  337
A GOOSSENS  13,18,20,12,16,25,1,4,  383
A GOOGLISM  13,18,20,21,11,4,24,0,  373
A GOVACUUM  13,18,22,3,26,13,9,0,  311
A GOFFERED  13,18,23,27,13,10,21,25,  359
A GUENSTIG  13,20,5,18,16,27,0,13,  373
A GUERDONS  13,20,5,23,8,11,1,4,  373
A GUSSTAFF  13,20,8,12,15,19,10,19,  383
A GUILLOWS  13,20,13,7,11,11,3,4,  373
A GUILTIER  13,20,13,7,15,4,21,15,  389
A GUAYCURU  13,20,28,1,26,13,6,18,  347
A GINGERROOT  13,22,5,23,27,11,7,3,  353
A GYROVAGI  13,24,19,24,1,19,4,9,  383
A GAMEGURU  13,26,4,9,25,13,6,18,  383
A GASCROMH  13,26,8,22,27,11,20,11,  389
A GAINTURN  13,26,13,18,15,13,6,10,  373
A GANOKSIN  13,26,14,24,26,28,0,10,  373
A GACHUPIN  13,26,18,19,1,1,0,10,  353
A GARGIULO  13,26,19,21,21,13,19,16,  353
A GARRIGUS  13,26,19,23,21,8,9,4,  337
A GARRISON  13,26,19,23,21,28,7,10,  353
A GAVISCON  13,26,22,17,16,9,7,10,  347
A GAUFFERING  13,26,22,27,2,25,6,20,  373
A GAFFIGAN  13,26,23,27,21,8,15,10,  389
A CLEGHORN  14,1,5,21,23,11,6,10,  337
A KLECKNER  14,1,5,22,26,5,21,15,  383
A CLIBBORN  14,1,13,10,14,11,6,10,  383
A CLITORUS  14,1,13,11,28,10,9,4,  347
A CLINICWE  14,1,13,18,21,9,3,1,  373
A KLINIKEN  14,1,13,18,21,9,21,10,  383
A CLIKVIEW  14,1,13,22,1,4,21,12,  347
A CLIKTECH  14,1,13,22,15,25,5,11,  389
A CLICIWCH  14,1,13,22,21,7,5,11,  313
A CLICWISH  14,1,13,22,24,4,24,11,  353
A CLICKNER  14,1,13,22,26,5,21,15,  347
A CLOTURES  14,1,20,11,1,10,21,4,  383
A CLOGHAUN  14,1,20,21,23,19,9,10,  359
A CLOCKERS  14,1,20,22,26,25,6,4,  347
A CLOUTERS  14,1,20,26,15,25,6,4,  383
A CLUTCHER  14,1,22,11,26,6,21,15,  359
A CLUNKERS  14,1,22,18,26,25,6,4,  359
A KEDGWICK  14,3,0,21,24,4,5,14,  359
A CELLUCCI  14,3,3,7,1,9,5,9,  383
A KELPWORT  14,3,3,14,24,11,6,3,  389
A CENTAURO  14,3,14,11,7,13,6,16,  383
A CECILTON  14,3,18,17,11,27,7,10,  389
A CECCHINE  14,3,18,22,23,4,1,1,  353
A CERBERUS  14,3,19,10,13,10,9,4,  383
A KERNEWEK  14,3,19,18,13,7,21,14,  383
A KERNOHAN  14,3,19,18,28,6,15,10,  373
A CERCOPOD  14,3,19,22,28,1,7,25,  347
A KERRIGAN  14,3,19,23,21,8,15,10,  373
A CERVIXES  14,3,19,26,21,0,21,4,  389
A KERVINEN  14,3,19,26,21,5,21,10,  347
A KEURBOOM  14,3,22,23,14,11,7,0,  337
A CZECHISH  14,6,5,22,23,4,24,11,  373
A CJONLINE  14,10,20,18,11,4,1,1,  383
A KILLWORT  14,11,3,7,24,11,6,3,  383
A KILLGORE  14,11,3,7,25,11,6,1,  389
A KILLOCKS  14,11,3,7,28,9,5,4,  373
A KILLOUGH  14,11,3,7,28,13,4,11,  337
A KILOBUCK  14,11,3,24,14,13,5,14,  311
A KILOWORD  14,11,3,24,24,11,6,25,  347
A KILVINGTON  14,11,3,26,3,27,7,10,  389
A CIMICOID  14,11,4,17,26,11,0,25,  383
A KITTRICH  14,11,7,11,27,4,5,11,  337
A CISTRONS  14,11,8,11,27,11,1,4,  353
A KISHINEV  14,11,8,19,21,5,21,18,  347
A KIPPERER  14,11,10,14,13,10,21,15,  383
A KINETICO  14,11,14,9,15,4,5,16,  347
A CINEROUS  14,11,14,9,27,11,9,4,  311
A KINSHIPS  14,11,14,12,23,4,26,4,  373
A KINSOLVING  14,11,14,12,28,23,9,20,  383
A KINIPETU  14,11,14,17,18,25,23,18,  373
A CINCHERS  14,11,14,22,23,25,6,4,  337
A CINCWAIN  14,11,14,22,24,19,0,10,  359
A CICLISMO  14,11,18,7,21,28,20,16,  389
A CICLONES  14,11,18,7,28,5,21,4,  383
A KICKDOWN  14,11,18,22,8,11,3,10,  311
A KICKBOXING  14,11,18,22,14,11,25,20,  359
A KICKSHAW  14,11,18,22,16,6,15,12,  359
A CICOREES  14,11,18,24,27,25,21,4,  359
A CIRCUITS  14,11,19,22,1,4,23,4,  311
A CIRCUTED  14,11,19,22,1,27,21,25,  383
A KIRCHOFF  14,11,19,22,23,11,10,19,  199
A CIRRHOSE  14,11,19,23,23,11,24,1,  313
A KIVELSON  14,11,22,9,11,28,7,10,  373
A CIVETONE  14,11,22,9,15,11,1,1,  373
A KNEZEVIC  14,12,5,12,13,13,0,14,  373
A CNIDOCIL  14,12,13,4,28,9,0,28,  383
A KNIPHOFIA  14,12,13,14,23,11,10,21,  373
A KNOBLOCK  14,12,20,10,11,11,5,14,  313
A KNOTLIKE  14,12,20,11,11,4,5,1,  389
A KNOTTIER  14,12,20,11,15,4,21,15,  373
A KNOWLEGE  14,12,20,20,11,25,4,1,  389
A KNUBBIER  14,12,22,10,14,4,21,15,  373
A CHLORINS  14,13,3,24,27,4,1,4,  337
A CHEMBOOK  14,13,5,8,14,11,7,14,  359
A CHEEWINK  14,13,5,9,24,4,1,14,  359
A CHEEKIER  14,13,5,9,26,4,21,15,  389
A CHECHAKO  14,13,5,22,23,19,5,16,  353
A CHECKSUM  14,13,5,22,26,28,9,0,  353
A CHERUSCI  14,13,5,23,1,28,5,9,  311
A CHERINGTON  14,13,5,23,3,27,7,10,  383
A CHERMISH  14,13,5,23,12,4,24,11,  389
A CHERITON  14,13,5,23,21,27,7,10,  337
A CHERRIES  14,13,5,23,27,4,21,4,  373
A CHEROOTS  14,13,5,23,28,11,23,4,  337
A CHEVERUS  14,13,5,26,13,10,9,4,  337
A CHEVRONY  14,13,5,26,27,11,1,22,  353
A CHILANKO  14,13,13,7,7,5,5,16,  383
A CHILCOTE  14,13,13,7,26,11,23,1,  383
A CHILOPOD  14,13,13,7,28,1,7,25,  383
A CHIPPIER  14,13,13,14,18,4,21,15,  359
A CHIPCHAP  14,13,13,14,26,6,15,6,  383
A CHINNERS  14,13,13,18,22,25,6,4,  353
A CHINKERS  14,13,13,18,26,25,6,4,  337
A CHICHEWA  14,13,13,22,23,25,3,24,  383
A CHICWITA  14,13,13,22,24,4,23,24,  383
A CHICCORY  14,13,13,22,26,11,6,22,  311
A CHICKORY  14,13,13,22,26,11,6,22,  311
A CHICKLIT  14,13,13,22,26,23,0,3,  353
A CHICKLET  14,13,13,22,26,23,21,3,  389
A CHICOINE  14,13,13,22,28,4,1,1,  311
A CHIRIMEN  14,13,13,23,21,24,21,10,  373
A CHIVARIS  14,13,13,26,7,10,0,4,  359
A CHIVARIING  14,13,13,26,7,10,0,20,  383
A CHIVARRA  14,13,13,26,7,10,6,24,  383
A CHIUSANO  14,13,13,26,16,19,1,16,  353
A CHRISOMS  14,13,19,17,16,11,20,4,  359
A CHRISTIN  14,13,19,17,16,27,0,10,  347
A CHRISTOS  14,13,19,17,16,27,7,4,  347
A CHRISTOP  14,13,19,17,16,27,7,6,  337
A CHRISTEN  14,13,19,17,16,27,21,10,  383
A CHROMIZE  14,13,19,24,12,4,24,1,  373
A CHROMIZING  14,13,19,24,12,4,24,20,  383
A CHROOTED  14,13,19,24,28,27,21,25,  373
A CHOLANIC  14,13,20,7,7,5,0,14,  383
A CHOIRBOY  14,13,20,17,27,26,7,22,  353
A CHONDRIC  14,13,20,18,8,10,0,14,  313
A CHOCALHO  14,13,20,22,7,23,2,16,  353
A CHOCOLAT  14,13,20,22,28,23,15,3,  389
A CHORUSSING  14,13,20,23,1,28,24,20,  337
A CHOOKIES  14,13,20,24,26,4,21,4,  311
A CHOULTRY  14,13,20,26,11,27,6,22,  389
A CHUCKIES  14,13,22,22,26,4,21,4,  313
A CHUCKLER  14,13,22,22,26,23,21,15,  313
A CHUCKMAN  14,13,22,22,26,24,15,10,  359
A CHURCHLY  14,13,22,23,26,6,19,22,  359
A CHUROYAN  14,13,22,23,28,17,15,10,  383
A CHUFFILY  14,13,22,27,2,4,19,22,  347
A CHAMORRO  14,13,28,8,28,10,6,16,  337
A CHAPTICO  14,13,28,14,15,4,5,16,  383
A CHANTORS  14,13,28,18,15,11,6,4,  389
A CHACWICO  14,13,28,22,24,4,5,16,  313
A CHARLOCK  14,13,28,23,11,11,5,14,  347
A CHARTOFF  14,13,28,23,15,11,10,19,  311
A CHARGERS  14,13,28,23,25,25,6,4,  389
A CHAVSCUM  14,13,28,26,16,9,9,0,  373
A CHAVICIN  14,13,28,26,21,9,0,10,  337
A CHAFFERING  14,13,28,27,2,25,6,20,  389
A CWESTEUR  14,14,5,12,15,25,9,15,  389
A CWENCIES  14,14,5,18,26,4,21,4,  389
A CWERCINE  14,14,5,23,26,4,1,1,  347
A CWIZZISH  14,14,13,12,16,4,24,11,  373
A CWIPPISH  14,14,13,14,18,4,24,11,  353
A CWINARII  14,14,13,18,7,10,0,9,  359
A CWINETUM  14,14,13,18,13,27,9,0,  389
A CWINTICA  14,14,13,18,15,4,5,24,  389
A CWINTONS  14,14,13,18,15,11,1,4,  337
A CWINITOL  14,14,13,18,21,27,7,28,  359
A CWINWOOD  14,14,13,18,24,11,7,25,  311
A CWINCIES  14,14,13,18,26,4,21,4,  353
A CWICKIES  14,14,13,22,26,4,21,4,  337
A CWICKENING  14,14,13,22,26,25,1,20,  359
A CWICKBUY  14,14,13,22,26,26,9,22,  353
A CWICKTAX  14,14,13,22,26,27,15,5,  389
A CWICKTAG  14,14,13,22,26,27,15,13,  359
A CWICKZIP  14,14,13,22,26,28,0,6,  313
A CWOTEBOT  14,14,20,11,13,26,7,3,  389
A CWANTOCK  14,14,28,18,15,11,5,14,  347
A CWACKISH  14,14,28,22,26,4,24,11,  359
A CWACKERS  14,14,28,22,26,25,6,4,  383
A CREMORNE  14,17,5,8,28,10,1,1,  373
A CRESTRON  14,17,5,12,15,10,7,10,  347
A KREIBICH  14,17,5,17,14,4,5,11,  347
A KREVERSI  14,17,5,26,13,10,24,9,  353
A CRIMSONING  14,17,13,8,16,11,1,20,  389
A CRITTURS  14,17,13,11,15,13,6,4,  337
A CRISTOPH  14,17,13,12,15,11,26,11,  337
A KRISHNAN  14,17,13,12,23,5,15,10,  383
A CRIXIVAN  14,17,13,13,21,13,15,10,  359
A CRIPPLER  14,17,13,14,18,23,21,15,  389
A CRICETUS  14,17,13,22,13,27,9,4,  347
A CROAKIES  14,17,20,3,26,4,21,4,  389
A CROAKIER  14,17,20,3,26,4,21,15,  347
A CROMSTER  14,17,20,8,16,27,21,15,  389
A CROMPTON  14,17,20,8,18,27,7,10,  337
A CROMORNE  14,17,20,8,28,10,1,1,  313
A CROSSNET  14,17,20,12,16,5,21,3,  389
A CROSSGAR  14,17,20,12,16,8,15,15,  359
A CROSSGEN  14,17,20,12,16,8,21,10,  347
A CROSSAIR  14,17,20,12,16,19,0,15,  373
A CROSSTEC  14,17,20,12,16,27,21,14,  373
A KRONBERG  14,17,20,18,14,25,6,13,  313
A CROCUSED  14,17,20,22,1,28,21,25,  353
A CROCIERA  14,17,20,22,21,25,6,24,  347
A CROOKLYN  14,17,20,24,26,23,13,10,  353
A CRUACHAN  14,17,22,3,26,6,15,10,  383
A CRUMPLER  14,17,22,8,18,23,21,15,  389
A CRURENCY  14,17,22,23,13,5,5,22,  347
A CRYPTOUS  14,17,26,14,15,11,9,4,  389
A CRYOTRON  14,17,26,24,15,10,7,10,  337
A CRATOONS  14,17,28,11,28,11,1,4,  373
A KRASNOFF  14,17,28,12,22,11,10,19,  311
A CRANNOGS  14,17,28,18,22,11,4,4,  353
A CRACKPOT  14,17,28,22,26,1,7,3,  353
A CRACKTOP  14,17,28,22,26,27,7,6,  353
A KRAURITE  14,17,28,26,27,4,23,1,  389
A CODEPINK  14,18,0,9,18,4,1,14,  389
A CODRINGTON  14,18,0,23,3,27,7,10,  389
A CODRESCU  14,18,0,23,13,28,5,18,  353
A COLYONIC  14,18,3,1,28,5,0,14,  373
A COLLISON  14,18,3,7,21,28,7,10,  383
A COLLOGEN  14,18,3,7,28,8,21,10,  383
A KOLESNIK  14,18,3,9,16,5,0,14,  383
A COLEWORT  14,18,3,9,24,11,6,3,  353
A KOLEROGA  14,18,3,9,27,11,4,24,  389
A KOLINSKI  14,18,3,17,22,28,5,9,  347
A COLICINS  14,18,3,17,26,4,1,4,  347
A KOLKHOSY  14,18,3,22,23,11,24,22,  389
A KOLKHOZY  14,18,3,22,23,11,24,22,  389
A KOLKOZES  14,18,3,22,28,28,21,4,  383
A COLOMBIN  14,18,3,24,12,26,0,10,  389
A COLOSIMO  14,18,3,24,16,4,20,16,  359
A COLOSSUS  14,18,3,24,16,28,9,4,  359
A COLOPHAN  14,18,3,24,18,6,15,10,  389
A COLORIZE  14,18,3,24,27,4,24,1,  359
A COMMONER  14,18,4,8,28,5,21,15,  373
A COMMOVES  14,18,4,8,28,13,21,4,  389
A COMPUNET  14,18,4,14,1,5,21,3,  389
A COMPUGEN  14,18,4,14,1,8,21,10,  347
A COMPUTIN  14,18,4,14,1,27,0,10,  353
A COMPUTOR  14,18,4,14,1,27,7,15,  311
A COMPOUND  14,18,4,14,28,13,1,25,  359
A COMITIUM  14,18,4,17,15,4,9,0,  383
A COMVERSE  14,18,4,26,13,10,24,1,  389
A COBBTOWN  14,18,6,10,15,11,3,10,  353
A COTARNIN  14,18,7,3,27,5,0,10,  373
A COTENURE  14,18,7,9,22,13,6,1,  353
A COTILLON  14,18,7,17,11,23,7,10,  389
A COSTUMIC  14,18,8,11,1,24,0,14,  347
A KOSTECKI  14,18,8,11,13,9,5,9,  353
A KOPAONIK  14,18,10,3,28,5,0,14,  337
A KOPECHNE  14,18,10,9,26,6,1,1,  359
A COPERNIC  14,18,10,9,27,5,0,14,  311
A KOPERNIK  14,18,10,9,27,5,0,14,  311
A COPPERER  14,18,10,14,13,10,21,15,  359
A COPILOTS  14,18,10,17,11,11,23,4,  383
A COPISCAN  14,18,10,17,16,9,15,10,  383
A COPIHUES  14,18,10,17,23,13,21,4,  337
A COPHOUSE  14,18,10,19,28,13,24,1,  313
A COPREMIC  14,18,10,23,13,24,0,14,  353
A COPUTERS  14,18,10,26,15,25,6,4,  353
A COITUSES  14,18,13,11,1,28,21,4,  383
A COINSURE  14,18,13,18,16,13,6,1,  311
A CONARIUM  14,18,14,3,27,4,9,0,  359
A CONDUIRE  14,18,14,4,1,4,6,1,  347
A CONDRIEU  14,18,14,4,27,4,21,18,  347
A CONDORES  14,18,14,4,28,10,21,4,  373
A CONEWAGO  14,18,14,9,24,19,4,16,  353
A CONTRIBU  14,18,14,11,27,4,22,18,  311
A CONTRITE  14,18,14,11,27,4,23,1,  373
A CONTRIST  14,18,14,11,27,4,24,3,  359
A CONTROLING  14,18,14,11,27,11,19,20,  373
A CONTOPUS  14,18,14,11,28,1,9,4,  311
A CONTORTING  14,18,14,11,28,10,23,20,  359
A CONSULAR  14,18,14,12,1,23,15,15,  383
A CONSERVE  14,18,14,12,13,10,9,1,  347
A CONSPERG  14,18,14,12,18,25,6,13,  337
A CONSIGNING  14,18,14,12,21,8,1,20,  353
A CONSCIVE  14,18,14,12,26,4,9,1,  313
A CONSORTING  14,18,14,12,28,10,23,20,  353
A CONSORTA  14,18,14,12,28,10,23,24,  373
A CONJUGAL  14,18,14,16,1,8,15,28,  373
A CONJURED  14,18,14,16,1,10,21,25,  353
A CONICITY  14,18,14,17,26,4,23,22,  383
A CONCAVER  14,18,14,22,7,13,21,15,  337
A CONCLURE  14,18,14,22,11,13,6,1,  313
A CONCEIVING  14,18,14,22,13,4,9,20,  337
A CONCERTING  14,18,14,22,13,10,23,20,  373
A CONCRETING  14,18,14,22,27,25,23,20,  373
A CONODONT  14,18,14,24,8,11,1,3,  337
A CONVEXES  14,18,14,26,13,0,21,4,  383
A CONVENTO  14,18,14,26,13,5,23,16,  311
A CONVERGE  14,18,14,26,13,10,4,1,  311
A CONVERTE  14,18,14,26,13,10,23,1,  353
A CONVERSE  14,18,14,26,13,10,24,1,  347
A CONVERSI  14,18,14,26,13,10,24,9,  311
A CONVEYOR  14,18,14,26,13,17,7,15,  337
A CONVETER  14,18,14,26,13,27,21,15,  353
A CONVIVAL  14,18,14,26,21,13,15,28,  353
A CONFESSIO  14,18,14,27,13,28,24,21,  359
A COHERENT  14,18,15,9,27,25,1,3,  373
A COWBERRY  14,18,16,10,13,10,6,22,  389
A COWBRUTE  14,18,16,10,27,13,23,1,  337
A COWSLIPS  14,18,16,12,11,4,26,4,  389
A COWPOXES  14,18,16,14,28,0,21,4,  353
A COGNOMEN  14,18,17,18,28,24,21,10,  337
A COGNOSCING  14,18,17,18,28,28,5,20,  313
A COGWHEEL  14,18,17,20,23,25,21,28,  383
A KOCHANEK  14,18,18,19,7,5,21,14,  359
A COCHLITE  14,18,18,19,11,4,23,1,  383
A COCWETRY  14,18,18,20,13,27,6,22,  389
A COCWINAS  14,18,18,20,21,5,15,4,  359
A COCCYGES  14,18,18,22,5,8,21,4,  383
A COCKATOO  14,18,18,22,7,27,7,16,  313
A COCKIEST  14,18,18,22,21,25,24,3,  353
A COCOPANS  14,18,18,24,18,19,1,4,  359
A COCORICO  14,18,18,24,27,4,5,16,  199
A KOKUMINGUN  14,18,18,26,12,15,9,10,  313
A CORANTOS  14,18,19,3,22,27,7,4,  373
A KORAKUEN  14,18,19,3,26,13,21,10,  337
A CORACLER  14,18,19,3,26,23,21,15,  389
A CORDOVAN  14,18,19,4,28,13,15,10,  353
A CORMLIKE  14,18,19,8,11,4,5,1,  383
A COREBLOG  14,18,19,9,14,23,7,13,  353
A COREWARE  14,18,19,9,24,19,6,1,  389
A CORTELCO  14,18,19,11,13,23,5,16,  347
A CORSAIRS  14,18,19,12,7,4,6,4,  373
A CORSECWE  14,18,19,12,13,9,3,1,  347
A CORPORAL  14,18,19,14,28,10,15,28,  359
A KORIMAKO  14,18,19,17,12,19,5,16,  347
A CORINDON  14,18,19,17,22,20,7,10,  313
A CORINEUS  14,18,19,17,22,25,9,4,  311
A CORNUATE  14,18,19,18,1,19,23,1,  383
A CORNERER  14,18,19,18,13,10,21,15,  313
A CORNETTI  14,18,19,18,13,27,23,9,  373
A KORNBERG  14,18,19,18,14,25,6,13,  313
A CORNWELL  14,18,19,18,24,25,19,28,  389
A CORNCAKE  14,18,19,18,26,19,5,1,  347
A CORRYTON  14,18,19,23,5,27,7,10,  337
A CORREDOR  14,18,19,23,13,20,7,15,  313
A KORRIGAN  14,18,19,23,21,8,15,10,  313
A CORRIGAN  14,18,19,23,21,8,15,10,  313
A CORRODER  14,18,19,23,28,20,21,15,  313
A KOROMIKA  14,18,19,24,12,4,5,24,  347
A CORVETTE  14,18,19,26,13,27,23,1,  383
A COOLMORE  14,18,20,7,12,11,6,1,  353
A COOLTECH  14,18,20,7,15,25,5,11,  359
A COOLSCAN  14,18,20,7,16,9,15,10,  389
A KOOLSTOP  14,18,20,7,16,27,7,6,  359
A KOOIJMAN  14,18,20,17,20,24,15,10,  389
A COOKLESS  14,18,20,22,11,25,24,4,  383
A KOOKIEST  14,18,20,22,21,25,24,3,  347
A KOULUTUS  14,18,22,7,1,27,9,4,  311
A COULTERS  14,18,22,7,15,25,6,4,  383
A COUMARIN  14,18,22,8,7,10,0,10,  359
A COVENTRY  14,18,22,9,22,27,6,22,  389
A COVERTEC  14,18,22,9,27,27,21,14,  337
A COUTURES  14,18,22,11,1,10,21,4,  313
A COUSINRY  14,18,22,12,21,5,6,22,  347
A COUNTIES  14,18,22,18,15,4,21,4,  359
A COUNTREE  14,18,22,18,15,10,21,1,  353
A COUNTREY  14,18,22,18,15,10,21,22,  389
A COUGHLAN  14,18,22,21,23,23,15,10,  359
A COUCHMAN  14,18,22,22,23,24,15,10,  353
A COURANTE  14,18,22,23,7,5,23,1,  383
A COURLANS  14,18,22,23,11,19,1,4,  383
A COURTNEY  14,18,22,23,15,5,21,22,  389
A KOURTNEY  14,18,22,23,15,5,21,22,  389
A COURTLET  14,18,22,23,15,23,21,3,  389
A COURRIEL  14,18,22,23,27,4,21,28,  313
A COUVERTS  14,18,22,26,13,10,23,4,  313
A COUVEUSE  14,18,22,26,13,13,24,1,  313
A COFNODION  14,18,23,18,28,20,12,10,  311
A COFFINED  14,18,23,27,21,5,21,25,  337
A COFFRETS  14,18,23,27,27,25,23,4,  311
A CUDICINI  14,20,0,17,26,4,1,9,  337
A CULTIGEN  14,20,3,11,21,8,21,10,  389
A CULPRITS  14,20,3,14,27,4,23,4,  383
A CUMINOIN  14,20,4,17,22,11,0,10,  311
A CUTIDURE  14,20,7,17,8,13,6,1,  373
A CUTINISE  14,20,7,17,22,4,24,1,  383
A CUTINIZE  14,20,7,17,22,4,24,1,  383
A CUTICULA  14,20,7,17,26,13,19,24,  389
A CUTCHERY  14,20,7,22,23,25,6,22,  389
A CUTRIGHT  14,20,7,23,21,8,2,3,  313
A CUSPIDOR  14,20,8,14,21,20,7,15,  347
A CUSINERO  14,20,8,17,22,25,6,16,  311
A KUSUMOTO  14,20,8,26,12,11,23,16,  313
A CUSUMANO  14,20,8,26,12,19,1,16,  373
A CUISINOX  14,20,13,12,21,5,7,5,  311
A CVCLZERO  14,20,18,7,16,25,6,16,  337
A CURASSOW  14,20,19,3,16,28,7,12,  353
A CURARINE  14,20,19,3,27,4,1,1,  359
A CURARIZE  14,20,19,3,27,4,24,1,  383
A CURLYCUE  14,20,19,7,5,9,9,1,  383
A CURLICUE  14,20,19,7,21,9,9,1,  311
A CURLCODE  14,20,19,7,26,11,16,1,  373
A KURMANJI  14,20,19,8,7,5,28,9,  389
A CUREZONE  14,20,19,9,16,11,1,1,  347
A CURERNCY  14,20,19,9,27,5,5,22,  347
A KURIHARA  14,20,19,17,23,19,6,24,  383
A CURRANTS  14,20,19,23,7,5,23,4,  373
A CURRENCE  14,20,19,23,13,5,5,1,  311
A CURRENCY  14,20,19,23,13,5,5,22,  347
A CURRENYC  14,20,19,23,13,5,13,14,  347
A CURRECNY  14,20,19,23,13,9,1,22,  347
A CURREMCY  14,20,19,23,13,24,5,22,  389
A CURRIERY  14,20,19,23,21,25,6,22,  347
A CURRNECY  14,20,19,23,22,25,5,22,  347
A KUROMARU  14,20,19,24,12,19,6,18,  313
A CURVETTING  14,20,19,26,13,27,23,20,  389
A CURVIEST  14,20,19,26,21,25,24,3,  337
A CUARTINO  14,20,28,23,15,4,1,16,  347
A KINGBRIGHT  14,22,6,23,21,8,2,3,  389
A CYTOZOIC  14,24,7,24,16,11,0,14,  383
A KYPHOTIC  14,24,10,19,28,27,0,14,  389
A CYPRINUS  14,24,10,23,21,5,9,4,  383
A CYNOSURE  14,24,14,24,16,13,6,1,  383
A KYNURINE  14,24,14,26,27,4,1,1,  383
A CYGCHECK  14,24,17,22,23,25,5,14,  359
A KYOUSUKE  14,24,20,26,16,13,5,1,  359
A KALAMATA  14,26,3,3,12,19,23,24,  701
A CALWORKS  14,26,3,20,28,10,5,4,  383
A CALCTUFF  14,26,3,22,15,13,10,19,  359
A CALOGERO  14,26,3,24,25,25,6,16,  389
A CALUTRON  14,26,3,26,15,10,7,10,  389
A CAMIGUIN  14,26,4,17,25,13,0,10,  389
A CABOCHON  14,26,6,24,26,6,7,10,  347
A CATROONS  14,26,7,23,28,11,1,4,  373
A CASTOFFS  14,26,8,11,28,14,10,4,  383
A KAZUHIKO  14,26,8,26,23,4,5,16,  337
A KAZUHITO  14,26,8,26,23,4,23,16,  383
A CAPROCKS  14,26,10,23,28,9,5,4,  347
A KAPOWSIN  14,26,10,24,24,28,0,10,  389
A KAIROLIN  14,26,13,23,28,23,0,10,  389
A KAIROTIC  14,26,13,23,28,27,0,14,  359
A KANAYAMA  14,26,14,3,5,19,20,24,  701
A CANEWORK  14,26,14,9,24,11,6,14,  353
A KANTIPUR  14,26,14,11,21,1,9,15,  383
A CANONICI  14,26,14,24,22,4,5,9,  347
A CAHINCIC  14,26,15,17,22,9,0,14,  347
A CARBONIC  14,26,19,10,28,5,0,14,  359
A CARTUCCE  14,26,19,11,1,9,5,1,  373
A CARTOONS  14,26,19,11,28,11,1,4,  373
A CARTOONZ  14,26,19,11,28,11,1,4,  373
A CARTOOSN  14,26,19,11,28,11,24,10,  373
A CARIBOUS  14,26,19,17,14,11,9,4,  373
A CARCINUS  14,26,19,22,21,5,9,4,  347
A CARRACCI  14,26,19,23,7,9,5,9,  383
A CARROTER  14,26,19,23,28,27,21,15,  373
A CAROUSER  14,26,19,24,1,28,21,15,  359
A KARVONEN  14,26,19,26,28,5,21,10,  353
A REDRUGGING  15,3,0,23,1,8,4,20,  389
A REDUCERI  15,3,0,26,26,25,6,9,  389
A RELIGOUS  15,3,3,17,25,11,9,4,  359
A REMOVIDO  15,3,4,24,1,4,16,16,  383
A REEFFISH  15,3,5,27,2,4,24,11,  353
A REBECCHI  15,3,6,9,26,9,2,9,  383
A REBUNKER  15,3,6,26,22,9,21,15,  359
A REBUKERS  15,3,6,26,26,25,6,4,  383
A RETRORSE  15,3,7,23,28,10,24,1,  383
A RETORTER  15,3,7,24,27,27,21,15,  389
A RESEVOIR  15,3,8,9,1,11,0,15,  347
A RESECURE  15,3,8,9,26,13,6,1,  389
A RESTUFFS  15,3,8,11,1,14,10,4,  347
A RESTROOM  15,3,8,11,27,11,7,0,  383
A RESTOCKS  15,3,8,11,28,9,5,4,  373
A RESTORER  15,3,8,11,28,10,21,15,  383
A RESPIGHI  15,3,8,14,21,8,2,9,  373
A RESISTOR  15,3,8,17,16,27,7,15,  389
A RESIGNER  15,3,8,17,25,5,21,15,  383
A RESHRINE  15,3,8,19,27,4,1,1,  389
A RESOUGHT  15,3,8,24,1,8,2,3,  337
A RESOLVER  15,3,8,24,11,13,21,15,  389
A RESORTER  15,3,8,24,27,27,21,15,  383
A RESUFFER  15,3,8,26,2,14,21,15,  313
A REPROVES  15,3,10,23,28,13,21,4,  359
A REPOSURE  15,3,10,24,16,13,6,1,  359
A REPORTER  15,3,10,24,27,27,21,15,  373
A REJOICES  15,3,12,24,21,9,21,4,  383
A REINBECK  15,3,13,18,14,25,5,14,  389
A REINJURE  15,3,13,18,20,13,6,1,  353
A REINJURY  15,3,13,18,20,13,6,22,  389
A REINICKE  15,3,13,18,21,9,5,1,  359
A REIGNORE  15,3,13,21,22,11,6,1,  337
A RENDROCK  15,3,14,4,27,11,5,14,  337
A RENNISON  15,3,14,18,21,28,7,10,  353
A RENOVARE  15,3,14,24,1,19,6,1,  389
A RENOWNER  15,3,14,24,24,5,21,15,  337
A REWRITER  15,3,16,23,21,27,21,15,  373
A REGITIVE  15,3,17,17,15,4,9,1,  383
A REGISTRO  15,3,17,17,16,27,6,16,  353
A REGORGES  15,3,17,24,27,8,21,4,  347
A REGORGED  15,3,17,24,27,8,21,25,  383
A RECIRCLE  15,3,18,17,27,9,19,1,  383
A RECWIERE  15,3,18,20,21,25,6,1,  383
A RECROSSING  15,3,18,23,28,28,24,20,  389
A RECOVERING  15,3,18,24,1,25,6,20,  353
A RECOPPER  15,3,18,24,18,1,21,15,  359
A RECOPIES  15,3,18,24,18,4,21,4,  389
A RECONOCE  15,3,18,24,22,11,5,1,  311
A RECONSTR  15,3,18,24,22,28,23,15,  347
A RECORDER  15,3,18,24,27,20,21,15,  373
A RERECORD  15,3,19,9,26,11,6,25,  373
A REVIEWER  15,3,22,17,13,7,21,15,  373
A REVISORY  15,3,22,17,16,11,6,22,  383
A REUNPACK  15,3,22,18,18,19,5,14,  373
A REFECTION  15,3,23,9,26,27,12,10,  383
A RXREVIEW  15,7,19,9,1,4,21,12,  353
A RISHONIM  15,11,8,19,28,5,0,0,  353
A RINTONES  15,11,14,11,28,5,21,4,  383
A RIGHTIES  15,11,17,19,15,4,21,4,  389
A RICAURTE  15,11,18,3,1,10,23,1,  389
A RIVERINE  15,11,22,9,27,4,1,1,  347
A RIFFLERS  15,11,23,27,11,25,6,4,  347
A RHIZOMIC  15,13,13,12,28,24,0,14,  337
A RHINOTEK  15,13,13,18,28,27,21,14,  337
A RHONCHAL  15,13,20,18,26,6,15,28,  373
A RCHITECT  15,16,15,17,15,25,5,3,  373
A RKHUNTER  15,16,15,26,22,27,21,15,  313
A RODERIGO  15,18,0,9,27,4,4,16,  337
A ROLLNECK  15,18,3,7,22,25,5,14,  383
A ROLLOUTS  15,18,3,7,28,13,23,4,  383
A ROMANIUK  15,18,4,3,22,4,9,14,  359
A ROBBLINK  15,18,6,10,11,4,1,14,  383
A ROBIDOUX  15,18,6,17,8,11,9,5,  353
A ROBOTJCB  15,18,6,24,15,3,5,2,  353
A ROBOTICA  15,18,6,24,15,4,5,24,  383
A ROBOHELP  15,18,6,24,23,25,19,6,  389
A ROBUSTUS  15,18,6,26,16,27,9,4,  347
A ROBURITE  15,18,6,26,27,4,23,1,  347
A ROTLICHT  15,18,7,7,21,9,2,3,  373
A ROTENONE  15,18,7,9,22,11,1,1,  373
A ROSARITO  15,18,8,3,27,4,23,16,  373
A ROSSBURG  15,18,8,12,14,13,6,13,  313
A ROSSITER  15,18,8,12,21,27,21,15,  389
A ROSCHACH  15,18,8,22,23,19,5,11,  337
A ROISTERS  15,18,13,12,15,25,6,4,  389
A ROWLINGSON  15,18,16,7,3,28,7,10,  373
A ROGATIVE  15,18,17,3,15,4,9,1,  389
A ROCKNERD  15,18,18,22,22,25,6,25,  337
A ROCKWORK  15,18,18,22,24,11,6,14,  191
A ROCKWELL  15,18,18,22,24,25,19,28,  373
A ROCKWEED  15,18,18,22,24,25,21,25,  383
A ROOYEBOK  15,18,20,1,13,26,7,14,  373
A ROODEBOK  15,18,20,4,13,26,7,14,  359
A ROOMLINX  15,18,20,8,11,4,1,5,  373
A ROOMSTER  15,18,20,8,16,27,21,15,  383
A ROOTKITS  15,18,20,11,26,4,23,4,  337
A ROUGHEST  15,18,22,21,23,25,24,3,  337
A ROADBOOK  15,18,28,4,14,11,7,14,  389
A RUMBAUGH  15,20,4,10,7,13,4,11,  383
A RUMOURED  15,20,4,24,1,10,21,25,  359
A RUBBERER  15,20,6,10,13,10,21,15,  389
A RUBICUND  15,20,6,17,26,13,1,25,  337
A RUBRICWE  15,20,6,23,21,9,3,1,  313
A RUTILOUS  15,20,7,17,11,11,9,4,  337
A RUSSISCH  15,20,8,12,21,28,5,11,  337
A RUPTURES  15,20,10,11,1,10,21,4,  347
A RUPTURED  15,20,10,11,1,10,21,25,  383
A RUNDGREN  15,20,14,4,25,10,21,10,  353
A RUNDOWNS  15,20,14,4,28,7,1,4,  337
A RUNOLOGY  15,20,14,24,11,11,4,22,  347
A RUCINSKY  15,20,18,17,22,28,5,22,  353
A RUCKUSES  15,20,18,22,1,28,21,4,  313
A RUCKSACK  15,20,18,22,16,19,5,14,  313
A RUTHENIOUS  15,20,21,9,22,16,9,4,  383
A READPLEASE  15,22,0,14,11,15,24,1,  761
A RYOCHIJI  15,24,20,22,23,4,28,9,  353
A RAILCORP  15,26,13,7,26,11,6,6,  383
A RAINWORM  15,26,13,18,24,11,6,0,  373
A RACEBOOK  15,26,18,9,14,11,7,14,  373
A RAVIGOTE  15,26,22,17,25,11,23,1,  389
A RAUNPICK  15,26,22,18,18,4,5,14,  337
A OLIMPICO  16,1,13,8,18,4,5,16,  373
A OLIGIDIC  16,1,13,21,21,20,0,14,  389
A OLIVIERS  16,1,13,26,21,25,6,4,  373
A OLNTVCOM  16,1,14,11,1,9,7,0,  359
A OLOHUONE  16,1,20,19,1,11,1,1,  313
A OMNIVORA  16,2,14,17,1,11,6,24,  353
A OMNIGRID  16,2,14,17,25,10,0,25,  383
A OBERWERK  16,4,5,23,24,25,6,14,  353
A OBJECTOR  16,4,12,9,26,27,7,15,  359
A OBNOUNCE  16,4,14,24,1,5,5,1,  313
A OTTAVINO  16,5,7,3,1,4,1,16,  389
A OTTERSON  16,5,7,9,27,28,7,10,  389
A OTOLOGIC  16,5,20,7,28,8,0,14,  311
A OTOSCOPE  16,5,20,12,26,11,26,1,  353
A OTOSCOPY  16,5,20,12,26,11,26,22,  389
A OSTRACON  16,6,7,23,7,9,7,10,  373
A OSTREGER  16,6,7,23,13,8,21,15,  389
A OSWIECIM  16,6,16,17,13,9,0,0,  389
A OPENLINK  16,8,5,18,11,4,1,14,  389
A OPENWIKI  16,8,5,18,24,4,5,9,  337
A OPTERONS  16,8,7,9,27,11,1,4,  373
A OPTILINK  16,8,7,17,11,4,1,14,  383
A OPTIHACK  16,8,7,17,23,19,5,14,  383
A OPTICWES  16,8,7,17,26,7,21,4,  389
A OPPROBRY  16,8,10,23,28,26,6,22,  383
A OPUSCULE  16,8,22,12,26,13,19,1,  359
A OPUSCULA  16,8,22,12,26,13,19,24,  389
A OILSTOCK  16,11,3,12,15,11,5,14,  353
A ONLOOKER  16,12,3,24,28,9,21,15,  311
A ONSCREEN  16,12,8,22,27,25,21,10,  373
A ONITSUKA  16,12,13,11,16,13,5,24,  389
A ONCOLOGY  16,12,18,24,11,11,4,22,  353
A OHAYOCON  16,13,28,1,28,9,7,10,  383
A OWERCOME  16,14,5,23,26,11,20,1,  359
A OWRECOME  16,14,19,9,26,11,20,1,  359
A OCTOPINE  16,16,7,24,18,4,1,1,  353
A OCHLETIC  16,16,15,7,13,27,0,14,  383
A OCCLUDER  16,16,18,7,1,20,21,15,  373
A OCCURRED  16,16,18,26,27,10,21,25,  311
A OKONJIMA  16,16,20,18,20,4,20,24,  389
A OCULINID  16,16,22,7,21,5,0,25,  373
A OCULISTS  16,16,22,7,21,28,23,4,  389
A ORDONNER  16,17,0,24,22,5,21,15,  347
A ORLOWSKI  16,17,3,24,24,28,5,9,  311
A ORMSTOWN  16,17,4,12,15,11,3,10,  353
A ORNSTEIN  16,17,14,12,15,25,0,10,  383
A ORGANONS  16,17,17,3,22,11,1,4,  347
A ORRVILLE  16,17,19,26,21,23,19,1,  373
A OROGRAPH  16,17,20,21,27,19,26,11,  313
A OOLOGIES  16,18,3,24,25,4,21,4,  359
A OOLOGIZE  16,18,3,24,25,4,24,1,  359
A OOPHYTIC  16,18,10,19,5,27,0,14,  383
A OOGAMOUS  16,18,17,3,12,11,9,4,  359
A OOCYSTIC  16,18,18,1,16,27,0,14,  383
A OVENWISE  16,20,5,18,24,4,24,1,  373
A OVERVEIL  16,20,5,23,1,25,0,28,  359
A OVERDRIP  16,20,5,23,8,10,0,6,  359
A OVERDUST  16,20,5,23,8,13,24,3,  389
A OVERLIVE  16,20,5,23,11,4,9,1,  359
A OVERLOUP  16,20,5,23,11,11,9,6,  311
A OVERLUSH  16,20,5,23,11,13,24,11,  337
A OVERBRIM  16,20,5,23,14,10,0,0,  359
A OVERTIRE  16,20,5,23,15,4,6,1,  353
A OVERTONE  16,20,5,23,15,11,1,1,  347
A OVERTOPS  16,20,5,23,15,11,26,4,  347
A OVERSPUN  16,20,5,23,16,1,9,10,  313
A OVERSIZE  16,20,5,23,16,4,24,1,  389
A OVERSWIM  16,20,5,23,16,7,0,0,  359
A OVERSKIM  16,20,5,23,16,9,0,0,  353
A OVERSOAR  16,20,5,23,16,11,15,15,  353
A OVERSUPS  16,20,5,23,16,13,26,4,  337
A OVERSLOW  16,20,5,23,16,23,7,12,  337
A OVERSEWN  16,20,5,23,16,25,3,10,  353
A OVERSEER  16,20,5,23,16,25,21,15,  383
A OVERSTUD  16,20,5,23,16,27,9,25,  389
A OVERPOST  16,20,5,23,18,11,24,3,  347
A OVERPEER  16,20,5,23,18,25,21,15,  373
A OVERJUST  16,20,5,23,20,13,24,3,  337
A OVERHOLT  16,20,5,23,23,11,19,3,  347
A OVERHOME  16,20,5,23,23,11,20,1,  353
A OVERHAIR  16,20,5,23,23,19,0,15,  347
A OVERWIND  16,20,5,23,24,4,1,25,  353
A OVERWORD  16,20,5,23,24,11,6,25,  311
A OVERWARM  16,20,5,23,24,19,6,0,  383
A OVERWENT  16,20,5,23,24,25,1,3,  359
A OVERWEND  16,20,5,23,24,25,1,25,  389
A OVERWETS  16,20,5,23,24,25,23,4,  383
A OVERGLUT  16,20,5,23,25,23,9,3,  337
A OVERKIND  16,20,5,23,26,4,1,25,  347
A OVERCOMING  16,20,5,23,26,11,20,20,  353
A OVERCULL  16,20,5,23,26,13,19,28,  347
A OVERCARE  16,20,5,23,26,19,6,1,  373
A OVERCARING  16,20,5,23,26,19,6,20,  383
A OVERRIDE  16,20,5,23,27,4,16,1,  383
A OVERRISE  16,20,5,23,27,4,24,1,  347
A OVERRIPE  16,20,5,23,27,4,26,1,  337
A OVERRODE  16,20,5,23,27,11,16,1,  359
A OVERRUST  16,20,5,23,27,13,24,3,  311
A OVERRACE  16,20,5,23,27,19,5,1,  373
A OVERRAKE  16,20,5,23,27,19,5,1,  373
A OVERRAKING  16,20,5,23,27,19,5,20,  383
A OUTDRUNK  16,20,7,4,27,13,1,14,  311
A OUTECHOING  16,20,7,9,26,6,7,20,  353
A OUTBURNING  16,20,7,10,1,10,1,20,  347
A OUTBURST  16,20,7,10,1,10,24,3,  353
A OUTTRUMP  16,20,7,11,27,13,20,6,  353
A OUTSAVOR  16,20,7,12,7,13,7,15,  337
A OUTSPRUING  16,20,7,12,18,10,9,20,  353
A OUTSHOUT  16,20,7,12,23,11,9,3,  311
A OUTSWIRL  16,20,7,12,24,4,6,28,  353
A OUTSOUND  16,20,7,12,28,13,1,25,  347
A OUTPUPIL  16,20,7,14,1,1,0,28,  359
A OUTPREEN  16,20,7,14,27,25,21,10,  383
A OUTJUMPS  16,20,7,16,1,24,26,4,  373
A OUTISSUE  16,20,7,17,16,28,9,1,  373
A OUTISSUING  16,20,7,17,16,28,9,20,  383
A OUTNOISE  16,20,7,18,28,4,24,1,  353
A OUTWWEPT  16,20,7,20,24,25,26,3,  373
A OUTWRITE  16,20,7,20,27,4,23,1,  353
A OUTWOMAN  16,20,7,20,28,24,15,10,  389
A OUTGUIDE  16,20,7,21,1,4,16,1,  373
A OUTGUIDING  16,20,7,21,1,4,16,20,  383
A OUTGUARD  16,20,7,21,1,19,6,25,  383
A OUTGUESS  16,20,7,21,1,25,24,4,  359
A OUTGLOWING  16,20,7,21,11,11,3,20,  359
A OUTGIVES  16,20,7,21,21,13,21,4,  337
A OUTGIVEN  16,20,7,21,21,13,21,10,  313
A OUTCURSE  16,20,7,22,1,10,24,1,  313
A OUTCAVIL  16,20,7,22,7,13,0,28,  383
A OUTKICKING  16,20,7,22,21,9,5,20,  313
A OUTCHIDE  16,20,7,22,23,4,16,1,  389
A OUTCREPT  16,20,7,22,27,25,26,3,  359
A OUTRANCE  16,20,7,23,7,5,5,1,  383
A OUTROLLS  16,20,7,23,28,23,19,4,  383
A OUTVOTER  16,20,7,26,28,27,21,15,  313
A OVISLINK  16,20,13,12,11,4,1,14,  337
A OVARITIS  16,20,28,23,21,27,0,4,  389
A OFFENCES  16,21,23,9,22,9,21,4,  337
A OFFERRED  16,21,23,9,27,10,21,25,  353
A OFFERMAN  16,21,23,9,27,24,15,10,  383
A OFFSIDER  16,21,23,12,21,20,21,15,  359
A OFFGRADE  16,21,23,21,27,19,16,1,  389
A OFFCASTS  16,21,23,22,7,28,23,4,  383
A OFFROADING  16,21,23,23,28,19,16,20,  389
A OAKBROOK  16,26,18,10,27,11,7,14,  313
A ODCZUCIE  16,27,18,12,1,9,0,1,  373
A ODORIZER  16,27,20,23,21,28,21,15,  373
A THEFTUOUS  17,3,23,11,1,11,9,4,  373
A THROUGHTHE  17,17,20,26,25,6,8,1,  389
A THRUSTFUL  17,17,22,12,15,14,9,28,  383
A THREADMAKING  17,17,24,4,12,19,5,20,  701
A THUMLUNGUR  17,20,4,7,1,22,9,15,  389
A THALASSIAN  17,26,3,3,16,28,12,10,  709
A UNGLORIFY  18,0,3,24,27,4,10,22,  373
A UNGORGEOUS  18,0,20,23,25,2,9,4,  311
A VESUVIUS  18,3,8,26,1,4,9,4,  313
A VESUVITE  18,3,8,26,1,4,23,1,  383
A VENENOSI  18,3,14,9,22,11,24,9,  383
A VENEROUS  18,3,14,9,27,11,9,4,  337
A VENTURIS  18,3,14,11,1,10,0,4,  353
A VENTURES  18,3,14,11,1,10,21,4,  389
A VENTURER  18,3,14,11,1,10,21,15,  347
A VENKISEN  18,3,14,22,21,28,21,10,  389
A VENOMOUS  18,3,14,24,12,11,9,4,  337
A VEHIXCOM  18,3,15,17,17,9,7,0,  359
A VEGLINKS  18,3,17,7,21,5,5,4,  383
A VEGETOUS  18,3,17,9,15,11,9,4,  373
A VERATRIC  18,3,19,3,15,10,0,14,  389
A VERDURER  18,3,19,4,1,10,21,15,  359
A VERSUCHE  18,3,19,12,1,9,2,1,  337
A VERSAPRO  18,3,19,12,7,1,6,16,  389
A VERHULST  18,3,19,19,1,23,24,3,  389
A VERWACHT  18,3,19,20,7,9,2,3,  389
A VERKOPEN  18,3,19,22,28,1,21,10,  337
A VERRUGAS  18,3,19,23,1,8,15,4,  359
A UBUNTERO  18,4,22,18,15,25,6,16,  337
A VTKACTOR  18,5,18,3,26,27,7,15,  359
A VTKUSERS  18,5,18,26,16,25,6,4,  359
A UTOPOLIS  18,5,20,14,28,23,0,4,  373
A USESOCKS  18,6,5,12,28,9,5,4,  359
A USERICON  18,6,5,23,21,9,7,10,  311
A USBMOUNT  18,6,6,8,28,13,1,3,  383
A USAIRCOM  18,6,28,17,27,9,7,0,  383
A UPSTROKE  18,8,8,11,27,11,5,1,  353
A UPSILONS  18,8,8,17,11,11,1,4,  389
A UPSURGES  18,8,8,26,27,8,21,4,  347
A UPSURGED  18,8,8,26,27,8,21,25,  383
A UPHARROW  18,8,15,3,27,10,7,12,  311
A UPHARBOR  18,8,15,3,27,26,7,15,  353
A UPCROPPING  18,8,18,23,28,1,26,20,  337
A UPRAUGHT  18,8,19,3,1,8,2,3,  353
A UPRIGHTS  18,8,19,17,25,6,23,4,  337
A UPROUSES  18,8,19,24,1,28,21,4,  337
A UPROUSED  18,8,19,24,1,28,21,25,  373
A UPROARER  18,8,19,24,7,10,21,15,  347
A UPROMISE  18,8,19,24,12,4,24,1,  383
A UPROOTED  18,8,19,24,28,27,21,25,  383
A UPRUSHES  18,8,19,26,16,6,21,4,  353
A UPRUSHED  18,8,19,26,16,6,21,25,  389
A VIDIKRON  18,11,0,17,26,10,7,10,  311
A VIDICONS  18,11,0,17,26,11,1,4,  353
A VILENKIN  18,11,3,9,22,9,0,10,  373
A VIEWMONT  18,11,5,20,12,11,1,3,  383
A VIEWPORT  18,11,5,20,18,11,6,3,  337
A VISEGRIP  18,11,8,9,25,10,0,6,  353
A VISTAKON  18,11,8,11,7,9,7,10,  389
A VISNETIC  18,11,8,18,13,27,0,14,  383
A VISCONTE  18,11,8,22,28,5,23,1,  359
A VIPERISH  18,11,10,9,27,4,24,11,  359
A VINAIGRE  18,11,14,3,21,8,6,1,  383
A VINEBERG  18,11,14,9,14,25,6,13,  383
A VINERIES  18,11,14,9,27,4,21,4,  389
A VINCENTI  18,11,14,22,13,5,23,9,  359
A VINCENZI  18,11,14,22,13,5,24,9,  353
A VICKIMOM  18,11,18,22,21,24,7,0,  337
A VIRENCWE  18,11,19,9,22,9,3,1,  337
A VIRTUTIS  18,11,19,11,1,27,0,4,  347
A VIRIDINE  18,11,19,17,8,4,1,1,  389
A VIRILIST  18,11,19,17,11,4,24,3,  389
A VIRICIDE  18,11,19,17,26,4,16,1,  373
A VIRGATUM  18,11,19,21,7,27,9,0,  389
A VIRGINAL  18,11,19,21,21,5,15,28,  389
A VIRULENT  18,11,19,26,11,25,1,3,  373
A VIVARIUM  18,11,22,3,27,4,9,0,  347
A UNDERGOS  18,12,0,9,27,8,7,4,  373
A UNDIVINING  18,12,0,17,1,4,1,20,  389
A UNDRIVEN  18,12,0,23,21,13,21,10,  359
A UNLOCKER  18,12,3,24,26,9,21,15,  313
A UNLOOSES  18,12,3,24,28,28,21,4,  389
A UNLUCENT  18,12,3,26,26,25,1,3,  373
A UNMOCKED  18,12,4,24,26,9,21,25,  389
A UNMUFFLE  18,12,4,26,2,14,19,1,  347
A UNMULISH  18,12,4,26,11,4,24,11,  383
A UNEXCUSING  18,12,5,13,26,13,24,20,  389
A UNEXOTIC  18,12,5,13,28,27,0,14,  353
A UNEVENER  18,12,5,26,13,5,21,15,  373
A UNBLUFFING  18,12,6,7,1,14,10,20,  347
A UNBLOCKING  18,12,6,7,28,9,5,20,  373
A UNBISHOP  18,12,6,17,16,6,7,6,  347
A UNBOOKED  18,12,6,24,28,9,21,25,  373
A UNBUFFED  18,12,6,26,2,14,21,25,  353
A UNBUTTON  18,12,6,26,15,27,7,10,  347
A UNBUCKLE  18,12,6,26,26,9,19,1,  359
A UNBURNED  18,12,6,26,27,5,21,25,  389
A UNBURDEN  18,12,6,26,27,20,21,10,  389
A UNTIMOUS  18,12,7,17,12,11,9,4,  353
A UNTOUCHING  18,12,7,24,1,9,2,20,  311
A UNTORRID  18,12,7,24,27,10,0,25,  337
A UNTUCKED  18,12,7,26,26,9,21,25,  373
A UNTURBID  18,12,7,26,27,26,0,25,  383
A UNSTRIKING  18,12,8,11,27,4,5,20,  373
A UNSIGHTING  18,12,8,17,25,6,23,20,  389
A UNSHIRKING  18,12,8,19,21,10,5,20,  337
A UNSWERVING  18,12,8,20,13,10,9,20,  359
A UNSCARCE  18,12,8,22,7,10,5,1,  383
A UNSCHULD  18,12,8,22,23,13,19,25,  383
A UNSCWARE  18,12,8,22,24,19,6,1,  389
A UNSOURED  18,12,8,24,1,10,21,25,  359
A UNPAUNCH  18,12,10,3,1,5,5,11,  337
A UNPACKER  18,12,10,3,26,9,21,15,  373
A UNPLUGGING  18,12,10,7,1,8,4,20,  359
A UNPRICED  18,12,10,23,21,9,21,25,  383
A UNPROPER  18,12,10,23,28,1,21,15,  311
A UNPROWLING  18,12,10,23,28,7,19,20,  359
A UNPOLISH  18,12,10,24,11,4,24,11,  359
A UNPUBLIC  18,12,10,26,14,23,0,14,  353
A UNPURGED  18,12,10,26,27,8,21,25,  359
A UNJEWISH  18,12,12,9,24,4,24,11,  359
A UNJOINED  18,12,12,24,21,5,21,25,  389
A UNJOCOSE  18,12,12,24,26,11,24,1,  313
A UNIBRAIN  18,12,13,10,27,19,0,10,  389
A UNITROPE  18,12,13,11,27,11,26,1,  347
A UNISUPER  18,12,13,12,1,1,21,15,  337
A UNINVITING  18,12,13,18,1,4,23,20,  359
A UNINURED  18,12,13,18,1,10,21,25,  359
A UNIWORLD  18,12,13,20,28,10,19,25,  359
A UNIGNITING  18,12,13,21,22,4,23,20,  373
A UNIGOLYN  18,12,13,21,28,23,13,10,  389
A UNIRENIC  18,12,13,23,13,5,0,14,  311
A UNIVOCAL  18,12,13,26,28,9,15,28,  353
A UNNERVES  18,12,14,9,27,13,21,4,  359
A UNHOMISH  18,12,15,24,12,4,24,11,  337
A UNCLUTCH  18,12,18,7,1,27,5,11,  313
A UNCLENCH  18,12,18,7,13,5,5,11,  347
A UNCLINCH  18,12,18,7,21,5,5,11,  311
A UNKNOTTING  18,12,18,18,28,27,23,20,  373
A UNCHIPPING  18,12,18,19,21,1,26,20,  359
A UNCHORAL  18,12,18,19,28,10,15,28,  353
A UNCWOTES  18,12,18,20,28,27,21,4,  347
A UNCWOTED  18,12,18,20,28,27,21,25,  383
A UNCRIBBING  18,12,18,23,21,26,22,20,  383
A UNCURBED  18,12,18,26,27,26,21,25,  373
A UNREPAIR  18,12,19,9,18,19,0,15,  389
A UNRECKED  18,12,19,9,26,9,21,25,  389
A UNRECURING  18,12,19,9,26,13,6,20,  311
A UNRICKED  18,12,19,17,26,9,21,25,  353
A UNROUSED  18,12,19,24,1,28,21,25,  359
A UNRUINED  18,12,19,26,21,5,21,25,  359
A UNOPPOSING  18,12,20,14,18,11,24,20,  359
A UNVISITING  18,12,22,17,16,4,23,20,  383
A UNVISUAL  18,12,22,17,16,13,15,28,  389
A UNFULFIL  18,12,23,26,11,14,0,28,  313
A UNACCORD  18,12,28,22,26,11,6,25,  359
A UNARRIVING  18,12,28,23,27,4,9,20,  359
A UWHARRIE  18,14,15,3,27,10,0,1,  359
A VWVORTEX  18,14,22,24,27,27,21,5,  313
A VGASNOOP  18,15,28,12,22,11,7,6,  353
A UGARITIC  18,15,28,23,21,27,0,14,  359
A UKSCREEN  18,16,8,22,27,25,21,10,  353
A UKRAINER  18,16,19,3,21,5,21,15,  359
A UCRRENCY  18,16,19,23,13,5,5,22,  347
A URETERIC  18,17,5,11,13,10,0,14,  359
A URIZENUS  18,17,13,12,13,5,9,4,  347
A VRIJHEID  18,17,13,16,23,25,0,25,  389
A URINEMIC  18,17,13,18,13,24,0,14,  353
A URICEMIC  18,17,13,22,13,24,0,14,  337
A URNITURE  18,17,14,17,15,13,6,1,  311
A URCHINLY  18,17,18,19,21,5,19,22,  383
A UROLOGIE  18,17,20,7,28,8,0,1,  313
A UROMERIC  18,17,20,8,13,10,0,14,  311
A UROSCOPY  18,17,20,12,26,11,26,22,  337
A UROPHEIN  18,17,20,14,23,25,0,10,  311
A VOMERINE  18,18,4,9,27,4,1,1,  383
A VOMITORY  18,18,4,17,15,11,6,22,  389
A VOXLINKS  18,18,9,7,21,5,5,4,  353
A VOICENET  18,18,13,22,13,5,21,3,  373
A VONNEGUT  18,18,14,18,13,8,9,3,  311
A VOWELISH  18,18,16,9,11,4,24,11,  373
A VOCODERS  18,18,18,24,8,25,6,4,  347
A VORONINA  18,18,19,24,22,4,1,24,  311
A VULCANIC  18,20,3,22,7,5,0,14,  359
A VULVITIS  18,20,3,26,21,27,0,4,  353
A VUSINESS  18,20,8,17,22,25,24,4,  389
A VURRENCY  18,20,19,23,13,5,5,22,  337
A UVULITIS  18,20,22,7,21,27,0,4,  353
A VAPORERS  18,26,10,24,27,25,6,4,  389
A VAGULOUS  18,26,17,26,11,11,9,4,  353
A VACHERON  18,26,18,19,13,10,7,10,  347
A FLOPPYFW  19,1,20,14,18,17,10,12,  389
A FLORENCIO  19,1,20,23,13,5,5,21,  337
A FLARFISH  19,1,28,23,2,4,24,11,  389
A FENCEFUL  19,3,14,22,13,14,9,28,  353
A FERMIONIC  19,3,19,8,4,5,0,14,  359
A FISTFULS  19,11,8,11,2,13,19,4,  373
A FICTIONER  19,11,18,11,4,5,21,15,  347
A FIRETHORN  19,11,19,9,0,11,6,10,  337
A FIREFYSH  19,11,19,9,2,17,24,11,  389
A FROEHLICH  19,17,1,19,11,4,5,11,  347
A FREEGIFT  19,17,5,9,25,4,10,3,  353
A FROGFACE  19,17,20,21,2,19,5,1,  313
A FREAKSHOW  19,17,24,22,16,6,7,12,  389
A FRANGULIN  19,17,28,6,1,23,0,10,  389
A FRANGULIC  19,17,28,6,1,23,0,14,  373
A FRANCOEUR  19,17,28,18,26,21,9,15,  337
A FRACTIOUS  19,17,28,22,15,16,9,4,  373
A FORANEOUS  19,18,19,3,22,2,9,4,  373
A FORTIFYING  19,18,19,11,21,14,13,20,  389
A FORFAITS  19,18,19,27,7,4,23,4,  359
A FORFAITING  19,18,19,27,7,4,23,20,  383
A FORFEITING  19,18,19,27,13,4,23,20,  353
A FOOTCLOTH  19,18,20,11,26,23,7,17,  347
A FUSIONNEW  19,20,8,0,22,5,21,12,  337
A FUJIFILM  19,20,12,17,2,4,19,0,  347
A FUNCTIONING  19,20,14,22,15,16,1,20,  347
A FURIOUSLY  19,20,19,0,1,28,19,22,  383
A FFERMWYR  19,21,5,23,12,7,13,15,  383
A FAIRFORD  19,26,13,23,2,11,6,25,  347
A FANCIFUL  19,26,14,22,21,14,9,28,  347
A INGELDABLE  20,3,3,4,7,26,19,1,  701
A YLAHAYLL  22,1,28,19,7,17,19,28,  739
A YEELAMAN  22,3,5,7,7,24,15,10,  701
A YERTCHUK  22,3,19,11,26,6,9,14,  389
A YONCOPIN  22,18,14,22,28,1,0,10,  359
A YOGHURTS  22,18,17,19,1,10,23,4,  373
A YOUNKERS  22,18,22,18,26,25,6,4,  383
A YAMALKAS  22,26,4,3,11,9,15,4,  701
A YAMATAKE  22,26,4,3,15,19,5,1,  701
A YAMANAKA  22,26,4,3,22,19,5,24,  701
A AEDILITIAN  23,27,13,7,21,27,12,10,  701
A ANGLOINFO  24,0,3,24,21,5,10,16,  389
A ANGIASTHENIA  24,0,25,12,0,25,1,21,  727
A ALLYLATE  24,1,3,1,11,19,23,1,  739
A ALMAYATE  24,1,4,3,5,19,23,1,  761
A ALABANZA  24,1,28,10,7,5,24,24,  701
A ABATABLE  24,4,28,11,7,26,19,1,  709
A ASCORBIC  24,6,18,24,27,26,0,14,  383
A AXONOPUS  24,7,20,18,28,1,9,4,  383
A APPLYINGLY  24,8,10,7,5,15,19,22,  709
A APPROPRI  24,8,10,23,28,1,6,9,  383
A APIKOROS  24,8,13,22,28,10,7,4,  359
A APHONOUS  24,8,15,24,22,11,9,4,  359
A AIRPOWER  24,11,19,14,28,7,21,15,  383
A AIRCRACK  24,11,19,22,27,19,5,14,  383
A AIRCOACH  24,11,19,22,28,19,5,11,  389
A ANDROPOV  24,12,0,23,28,1,7,18,  383
A ANTICORN  24,12,7,17,26,11,6,10,  373
A ANTICOUS  24,12,7,17,26,11,9,4,  389
A ANTROPOV  24,12,7,23,28,1,7,18,  353
A ANICONIC  24,12,13,22,28,5,0,14,  347
A ANCRWPOI  24,12,18,23,24,1,7,9,  347
A ANUNTURI  24,12,22,18,15,13,6,9,  359
A AGGRENOX  24,15,17,23,13,5,7,5,  389
A ACELDAMA  24,16,5,7,8,19,20,24,  701
A ACHESOUN  24,16,15,9,16,11,9,10,  389
A ACHROOUS  24,16,15,23,28,11,9,4,  311
A ACHOLOUS  24,16,15,24,11,11,9,4,  373
A ACWINCUM  24,16,16,17,22,9,9,0,  373
A ACCWIRER  24,16,18,20,21,10,21,15,  359
A ACCWISTO  24,16,18,20,21,28,23,16,  389
A ACCUVOTE  24,16,18,26,1,11,23,1,  359
A ACCUTORC  24,16,18,26,15,11,6,14,  313
A ACCURINT  24,16,18,26,27,4,1,3,  353
A ACRISIUS  24,16,19,17,16,4,9,4,  389
A ACROPORE  24,16,19,24,18,11,6,1,  353
A ACROPORA  24,16,19,24,18,11,6,24,  383
A ACONTIUS  24,16,20,18,15,4,9,4,  389
A ACOUSTIC  24,16,20,26,16,27,0,14,  373
A ACOUSTIK  24,16,20,26,16,27,0,14,  373
A AKOUSTIK  24,16,20,26,16,27,0,14,  373
A ACOUNTER  24,16,20,26,22,27,21,15,  383
A ARBOLOCO  24,17,6,24,11,11,5,16,  373
A ARBOROUS  24,17,6,24,27,11,9,4,  347
A ARTICUNO  24,17,7,17,26,13,1,16,  347
A ARGRAFFU  24,17,17,23,7,14,10,18,  337
A ARCTURUS  24,17,18,11,1,10,9,4,  347
A ARKIVERT  24,17,18,17,1,25,6,3,  389
A ARCHIVER  24,17,18,19,21,13,21,15,  353
A ARCHHOST  24,17,18,19,23,11,24,3,  383
A ARRECTOR  24,17,19,9,26,27,7,15,  373
A ARONSSON  24,17,20,18,16,28,7,10,  383
A ATHANASIAN  24,19,28,18,7,28,12,10,  709
A AUTRONIC  24,20,7,23,28,5,0,14,  347
A AUTOVIEW  24,20,7,24,1,4,21,12,  383
A AUTOSHOP  24,20,7,24,16,6,7,6,  389
A AUNTROUS  24,20,14,11,27,11,9,4,  359
A AUGSBURG  24,20,17,12,14,13,6,13,  359
A AUGUSTIN  24,20,17,26,16,27,0,10,  389
A AUGURERS  24,20,17,26,27,25,6,4,  359
A AVONMORE  24,20,20,18,12,11,6,1,  389
A AVVOCATO  24,20,22,24,26,19,23,16,  383
A AFORTIORI  24,21,20,23,15,16,6,9,  353
A AFFIRMER  24,21,23,17,27,24,21,15,  389
A DECOROUS  25,3,18,24,27,11,9,4,  347
A DIDYNAMY  25,11,0,1,22,19,20,22,  709
A DIEGOROX  25,11,5,21,28,10,7,5,  373
A DITOKOUS  25,11,7,24,26,11,9,4,  359
A DISHONOR  25,11,8,19,28,5,7,15,  347
A DISGORGE  25,11,8,21,28,10,4,1,  389
A DIPNOOUS  25,11,10,18,28,11,9,4,  359
A DIPCHICK  25,11,10,22,23,4,5,14,  353
A DINTORNI  25,11,14,11,28,10,1,9,  383
A DICRURUS  25,11,18,23,1,10,9,4,  311
A DIVULGUE  25,11,22,26,11,8,9,1,  383
A DIFFERIN  25,11,23,27,13,10,0,10,  359
A DWIGGINS  25,14,13,21,25,4,1,4,  383
A DRINKMOR  25,17,13,18,26,24,7,15,  359
A DRIVENOW  25,17,13,26,13,5,7,12,  353
A DROPSHOT  25,17,20,14,16,6,7,3,  389
A DROWNERS  25,17,20,20,22,25,6,4,  383
A DROCHNER  25,17,20,22,23,5,21,15,  347
A DROCHUIL  25,17,20,22,23,13,0,28,  347
A DROUGHTS  25,17,20,26,25,6,23,4,  359
A DRAGUNOV  25,17,28,21,1,5,7,18,  353
A DRAUGHON  25,17,28,26,25,6,7,10,  373
A DOLOROUS  25,18,3,24,27,11,9,4,  347
A DOBCHICK  25,18,6,22,23,4,5,14,  347
A DOSKOCIL  25,18,8,22,28,9,0,28,  383
A DOJIGGER  25,18,12,17,25,8,21,15,  373
A DONOVANI  25,18,14,24,1,19,1,9,  389
A DOGTRICK  25,18,17,11,27,4,5,14,  337
A DOGGONES  25,18,17,21,28,5,21,4,  383
A DOCBLOCK  25,18,18,10,11,11,5,14,  373
A DOOMBOOK  25,18,20,8,14,11,7,14,  359
A DOORSTOP  25,18,20,23,16,27,7,6,  373
A DOORPOST  25,18,20,23,18,11,24,3,  373
A DOUBLOON  25,18,22,10,11,11,7,10,  373
A DOUGHTER  25,18,22,21,23,27,21,15,  373
A DUBOWSKI  25,20,6,24,24,28,5,9,  373
A DUBUFFET  25,20,6,26,2,14,21,3,  383
A DUGPUNKT  25,20,17,14,1,5,5,3,  353
A DUCTWORK  25,20,18,11,24,11,6,14,  311
A DUKHOBOR  25,20,18,19,28,26,7,15,  311
A DUCKPOND  25,20,18,22,18,11,1,25,  383
A DUCOMMUN  25,20,18,24,12,24,9,10,  383
A DURCHAUS  25,20,19,22,23,19,9,4,  389
A DURRINGTON  25,20,19,23,3,27,7,10,  383
A DEATHWARDS  25,22,21,20,7,10,16,4,  701
A DEAFENINGLY  25,22,23,9,22,15,19,22,  701
A DAEDALEOUS  25,25,0,3,11,2,9,4,  739
A DADELAND  25,26,0,9,11,19,1,25,  727
A DATABASING  25,26,7,3,14,19,24,20,  727
A DATASTAY  25,26,7,3,16,27,15,22,  751
A DANDLINGLY  25,26,14,4,11,15,19,22,  727
A DAYANAND  25,26,26,3,22,19,1,25,  727
A LEVINSON  28,3,22,17,22,28,7,10,  389
A LEUCOPUS  28,3,22,22,28,1,9,4,  359
A LJUBICIC  28,10,22,10,21,9,0,14,  359
A LIBCROCO  28,11,6,22,27,11,5,16,  313
A LITKICKS  28,11,7,22,21,9,5,4,  383
A LINEWORK  28,11,14,9,24,11,6,14,  347
A LINKLINK  28,11,14,22,11,4,1,14,  389
A LINCTURE  28,11,14,22,15,13,6,1,  383
A LINUXDOC  28,11,14,26,17,20,7,14,  389
A LIGHTNIN  28,11,17,19,15,5,0,10,  389
A LIGURITE  28,11,17,26,27,4,23,1,  389
A LIVESHOW  28,11,22,9,16,6,7,12,  373
A LIVERISH  28,11,22,9,27,4,24,11,  389
A LCONVERT  28,16,20,18,1,25,6,3,  359
A LOPSTICK  28,18,10,12,15,4,5,14,  389
A LONCHURA  28,18,14,22,23,13,6,24,  353
A LOWERBOX  28,18,16,9,27,26,7,5,  389
A LOWBROWS  28,18,16,10,27,11,3,4,  347
A LOWNOISE  28,18,16,18,28,4,24,1,  383
A LOGICISE  28,18,17,17,26,4,24,1,  389
A LOGICIZE  28,18,17,17,26,4,24,1,  389
A LOCHAGUS  28,18,18,19,7,8,9,4,  383
A LOCHETIC  28,18,18,19,13,27,0,14,  383
A LOCWITUR  28,18,18,20,21,27,9,15,  313
A LOCKDOWN  28,18,18,22,8,11,3,10,  347
A LOCKSPIT  28,18,18,22,16,1,0,3,  389
A LOCKNUTS  28,18,18,22,22,13,23,4,  347
A LOCKHOLE  28,18,18,22,23,11,19,1,  373
A LOCUTORY  28,18,18,26,15,11,6,22,  373
A LORARIUS  28,18,19,3,27,4,9,4,  383
A LORICOID  28,18,19,17,26,11,0,25,  359
A LOVELOCK  28,18,22,9,11,11,5,14,  353
A LOVEHOOD  28,18,22,9,23,11,7,25,  373
A LOUGHLIN  28,18,22,21,23,23,0,10,  353
A LOUGHEEN  28,18,22,21,23,25,21,10,  383
A LOUVIERE  28,18,22,26,21,25,6,1,  359
A LUDOVICI  28,20,0,24,1,4,5,9,  347
A LUSTROUS  28,20,8,11,27,11,9,4,  359
A LUNCHBOX  28,20,14,22,23,26,7,5,  353
A LUCINOID  28,20,18,17,22,11,0,25,  373
A LUCWILLO  28,20,18,20,21,23,19,16,  389
A LUCCHINI  28,20,18,22,23,4,1,9,  313
A LUCCHESI  28,20,18,22,23,25,24,9,  373
A LEATHERLEAF  28,22,21,9,27,23,11,19,  733
A LYCURGUS  28,24,18,26,27,8,9,4,  373
A LADYPALM  28,26,0,1,18,19,19,0,  743
A LAMELLAS  28,26,4,9,11,23,15,4,  701
A LAMBALLE  28,26,4,10,7,23,19,1,  709
A LARYNGEATING  28,26,19,1,10,15,23,20,  727
A LAYAWAYS  28,26,26,3,24,19,13,4,  739
