Results for: Crib phrase is Prime, First 5 offsets of the crib word are ascending in order.

Crib | Offsets | GP Sum
A MELASSES  0,3,3,3,16,28,21,4,  631
A MELANINS  0,3,3,3,22,4,1,4,  547
A MELANIST  0,3,3,3,22,4,24,3,  577
A MELANAEMIA  0,3,3,3,22,18,20,21,  797
A MELANDER  0,3,3,3,22,20,21,15,  601
A MELANSON  0,3,3,3,22,28,7,10,  523
A MELLARIL  0,3,3,7,7,10,0,28,  593
A MELLSMAN  0,3,3,7,16,24,15,10,  631
A MELLIEHA  0,3,3,7,21,25,2,24,  599
A MELLOWED  0,3,3,7,28,7,21,25,  563
A MELENDEZ  0,3,3,9,22,20,21,4,  613
A MELBOURN  0,3,3,10,28,13,6,10,  419
A MELTZOFF  0,3,3,11,16,11,10,19,  431
A MELSTONE  0,3,3,12,15,11,1,1,  523
A MELNITSA  0,3,3,18,21,27,24,24,  577
A MELURSUS  0,3,3,26,27,28,9,4,  431
A MEMEPOOL  0,3,4,9,18,11,7,28,  503
A MEMENTOS  0,3,4,9,22,27,7,4,  521
A MEMBERED  0,3,4,10,13,10,21,25,  601
A MEMBRANE  0,3,4,10,27,19,1,1,  571
A MEMBRANA  0,3,4,10,27,19,1,24,  601
A MEMTOTAL  0,3,4,11,28,27,15,28,  601
A MEMPHIES  0,3,4,14,23,4,21,4,  523
A MEMORIST  0,3,4,24,27,4,24,3,  467
A MEMORATE  0,3,4,24,27,19,23,1,  547
A MEETNESS  0,3,5,11,22,25,24,4,  563
A METELLUS  0,3,7,9,11,23,9,4,  563
A METECORN  0,3,7,9,26,11,6,10,  421
A METERMAN  0,3,7,9,27,24,15,10,  569
A METROPCS  0,3,7,23,28,1,5,4,  421
A METRONET  0,3,7,23,28,5,21,3,  467
A METROMIX  0,3,7,23,28,24,0,5,  461
A METROBOT  0,3,7,23,28,26,7,3,  439
A MESTINOS  0,3,8,11,21,5,7,4,  467
A MESTINON  0,3,8,11,21,5,7,10,  443
A MESTIZOS  0,3,8,11,21,28,7,4,  491
A MESSERLI  0,3,8,12,13,10,19,9,  523
A MESSINES  0,3,8,12,21,5,21,4,  521
A MESSIDOR  0,3,8,12,21,20,7,15,  479
A MESPILUS  0,3,8,14,21,23,9,4,  491
A MESHIEST  0,3,8,19,21,25,24,3,  521
A MESCHANT  0,3,8,22,23,19,1,3,  509
A MESCWITS  0,3,8,22,24,4,23,4,  463
A MEZCWITS  0,3,8,22,24,4,23,4,  463
A MESKWAKI  0,3,8,22,24,19,5,9,  461
A MESOCOSM  0,3,8,24,26,11,24,0,  439
A MESORHIN  0,3,8,24,27,6,0,10,  389
A MEINHOLD  0,3,13,18,23,11,19,25,  487
A MENINDEE  0,3,14,17,22,20,21,1,  547
A MEHROTRA  0,3,15,23,28,27,6,24,  443
A MERCHANT  0,3,19,22,23,19,1,3,  467
A MERCREDI  0,3,19,22,27,25,16,9,  457
A MERCOURI  0,3,19,22,28,13,6,9,  311
A MEROGONY  0,3,19,24,25,11,1,22,  409
A MEROGAMY  0,3,19,24,25,19,20,22,  541
A MIJNHEER  0,11,12,18,23,25,21,15,  433
A MINIPILL  0,11,14,17,18,4,19,28,  479
A MINIPORT  0,11,14,17,18,11,6,3,  379
A MINIJACK  0,11,14,17,20,19,5,14,  419
A MINICILP  0,11,14,17,26,4,19,6,  419
A MINICOPE  0,11,14,17,26,11,26,1,  389
A MINICARS  0,11,14,17,26,19,6,4,  433
A MINICLIP  0,11,14,17,26,23,0,6,  419
A MINCOPIE  0,11,14,22,28,1,0,1,  389
A MINORIES  0,11,14,24,27,4,21,4,  397
A MINORITY  0,11,14,24,27,4,23,22,  439
A MINORIST  0,11,14,24,27,4,24,3,  389
A MINORCAS  0,11,14,24,27,9,15,4,  409
A MINORESS  0,11,14,24,27,25,24,4,  419
A MICHIGAN  0,11,18,19,21,8,15,10,  409
A MICHWAVE  0,11,18,19,24,19,9,1,  421
A MICROPAC  0,11,18,23,28,1,15,14,  383
A MICROISV  0,11,18,23,28,4,24,18,  317
A MICRONIX  0,11,18,23,28,5,0,5,  337
A MICRONOR  0,11,18,23,28,5,7,15,  277
A MICRONAS  0,11,18,23,28,5,15,4,  409
A MICROCAP  0,11,18,23,28,9,15,6,  383
A MICRORNA  0,11,18,23,28,10,1,24,  367
A MICROTHEOS  0,11,18,23,28,12,27,4,  439
A MICROATX  0,11,18,23,28,19,23,5,  433
A MICROLUX  0,11,18,23,28,23,9,5,  353
A MIKROLUX  0,11,18,23,28,23,9,5,  353
A MICROLAB  0,11,18,23,28,23,15,2,  461
A MICROMHO  0,11,18,23,28,24,2,16,  331
A MICROMAT  0,11,18,23,28,24,15,3,  457
A MICROBUS  0,11,18,23,28,26,9,4,  347
A MICROBAL  0,11,18,23,28,26,15,28,  461
A MICROSYS  0,11,18,23,28,28,13,4,  439
A MCKNIGHT  0,16,18,18,21,8,2,3,  353
A MORGGAGE  0,18,19,21,25,19,4,1,  401
A MORRHUIN  0,18,19,23,23,13,0,10,  283
A MOOCHERS  0,18,20,22,23,25,6,4,  349
A MOORHUHN  0,18,20,23,23,13,2,10,  271
A MOORGATE  0,18,20,23,25,19,23,1,  433
A MOORCOCK  0,18,20,23,26,11,5,14,  239
A MOOROOKA  0,18,20,23,28,11,5,24,  317
A MOUCHOIR  0,18,22,22,23,11,0,15,  263
A ELLAMORE  1,1,3,3,12,11,6,1,  563
A ELLAPSED  1,1,3,3,18,28,21,25,  659
A ELLAGATE  1,1,3,3,25,19,23,1,  647
A ELLEBORE  1,1,3,9,14,11,6,1,  523
A ELLEGIRL  1,1,3,9,25,4,6,28,  509
A ELLIPTIC  1,1,3,17,18,27,0,14,  487
A ELLIPSIS  1,1,3,17,18,28,0,4,  521
A ELLIPSES  1,1,3,17,18,28,21,4,  557
A ELLICOTT  1,1,3,17,26,11,23,3,  479
A ELEMICIN  1,1,5,8,21,9,0,10,  479
A ELENCTIC  1,1,5,18,26,27,0,14,  449
A ELSBERND  1,1,8,10,13,10,1,25,  547
A ELICWATE  1,1,13,22,24,19,23,1,  523
A ELKHOUND  1,1,18,19,28,13,1,25,  401
A ELOCWENT  1,1,20,22,24,25,1,3,  431
A EMLENTON  1,2,3,9,22,27,7,10,  499
A EMMENTAL  1,2,4,9,22,27,15,28,  631
A EMETINES  1,2,5,11,21,5,21,4,  541
A EMERGENC  1,2,5,23,25,25,1,14,  439
A EMERGERS  1,2,5,23,25,25,6,4,  461
A EMBELINE  1,2,6,9,11,4,1,1,  563
A EMBEZZLING  1,2,6,9,16,28,19,20,  619
A EMBERLEY  1,2,6,9,27,23,21,22,  617
A EMBERSON  1,2,6,9,27,28,7,10,  463
A EMBRONZE  1,2,6,23,28,5,24,1,  463
A EMBROWNING  1,2,6,23,28,7,1,20,  439
A EMPTIERS  1,2,10,11,21,25,6,4,  499
A EMPTIEST  1,2,10,11,21,25,24,3,  547
A EMPORIUM  1,2,10,24,27,4,9,0,  401
A EMIGRANT  1,2,13,21,27,19,1,3,  479
A EECKHOUT  1,3,18,22,23,11,9,3,  349
A EBERHARD  1,4,5,23,23,19,6,25,  523
A EBOOKMAN  1,4,20,24,26,24,15,10,  449
A EBOOKERS  1,4,20,24,26,25,6,4,  383
A ETICWETA  1,5,13,22,24,25,23,24,  509
A ETCHIMIN  1,5,18,19,21,24,0,10,  421
A ETCHISON  1,5,18,19,21,28,7,10,  379
A ESBENSEN  1,6,6,9,22,28,21,10,  523
A ESTLEMAN  1,6,7,7,13,24,15,10,  613
A ESTERASE  1,6,7,9,27,19,24,1,  571
A ESTERLIN  1,6,7,9,27,23,0,10,  487
A ESTRONES  1,6,7,23,28,5,21,4,  443
A ESSEXITE  1,6,8,9,17,4,23,1,  541
A ESSENISM  1,6,8,9,22,4,24,0,  521
A ESSENCES  1,6,8,9,22,9,21,4,  499
A ESSENDON  1,6,8,9,22,20,7,10,  491
A ESCROWEE  1,6,18,23,28,7,21,1,  401
A ESCORTED  1,6,18,24,27,27,21,25,  463
A EXTENSIS  1,7,7,9,22,28,0,4,  503
A EXTERNAL  1,7,7,9,27,5,15,28,  547
A EXTINCTING  1,7,7,17,22,9,23,20,  479
A EXTRORSE  1,7,7,23,28,10,24,1,  419
A EXTROMIT  1,7,7,23,28,24,0,3,  449
A EXTORTED  1,7,7,24,27,27,21,25,  503
A EXSECTOR  1,7,8,9,26,27,7,15,  421
A EXSERTED  1,7,8,9,27,27,21,25,  557
A EXSTRUCT  1,7,8,11,27,13,5,3,  409
A EXSCRIPT  1,7,8,22,27,4,26,3,  421
A EXPORTER  1,7,10,24,27,27,21,15,  409
A EXPORTED  1,7,10,24,27,27,21,25,  487
A EXIGIBLE  1,7,13,21,21,26,19,1,  491
A EXHORTER  1,7,15,24,27,27,21,15,  389
A EXHORTED  1,7,15,24,27,27,21,25,  467
A EXCURVED  1,7,18,26,27,13,21,25,  397
A EXCURSUS  1,7,18,26,27,28,9,4,  347
A EXOGRAPH  1,7,20,21,27,19,26,11,  409
A EXORCISM  1,7,20,23,26,4,24,0,  397
A EPIPHORA  1,8,13,14,23,11,6,24,  419
A EPIGRAMS  1,8,13,21,27,19,20,4,  487
A EPIGONUS  1,8,13,21,28,5,9,4,  347
A EPIGONAL  1,8,13,21,28,5,15,28,  461
A EPIROTIC  1,8,13,23,28,27,0,14,  359
A EPOCWARE  1,8,20,22,24,19,6,1,  421
A EJOURNAL  1,10,20,26,27,5,15,28,  421
A EINKORNS  1,11,14,22,28,10,1,4,  337
A ENHORROR  1,12,15,24,27,10,7,15,  263
A ENWWOVEN  1,12,16,20,28,13,21,10,  337
A ENROOTED  1,12,19,24,28,27,21,25,  433
A ENOGGERA  1,12,20,21,25,25,6,24,  409
A EGGWHISK  1,15,17,20,23,4,24,14,  337
A ECWINITY  1,16,16,17,22,4,23,22,  449
A ECWINATE  1,16,16,17,22,19,23,1,  479
A ECWINELY  1,16,16,17,22,25,19,22,  499
A ECOWORLD  1,16,20,20,28,10,19,25,  383
A ERRHINES  1,17,19,19,21,5,21,4,  389
A ERRORIST  1,17,19,24,27,4,24,3,  347
A ERRORBAR  1,17,19,24,27,26,15,15,  373
A BELAMOUR  2,3,3,3,12,11,9,15,  487
A BELLAIRE  2,3,3,7,7,4,6,1,  577
A BELLAIRS  2,3,3,7,7,4,6,4,  563
A BELLANCA  2,3,3,7,7,5,5,24,  607
A BELLACOR  2,3,3,7,7,9,7,15,  499
A BELLAMAX  2,3,3,7,7,24,15,5,  683
A BELLMAWR  2,3,3,7,12,19,3,15,  569
A BELLEEKS  2,3,3,7,13,25,5,4,  571
A BELLEZAS  2,3,3,7,13,28,15,4,  641
A BELLEZZA  2,3,3,7,13,28,24,24,  641
A BELLBIRD  2,3,3,7,14,4,6,25,  563
A BELLTAIL  2,3,3,7,15,19,0,28,  631
A BELLPORT  2,3,3,7,18,11,6,3,  491
A BELLPULL  2,3,3,7,18,13,19,28,  563
A BELLWORT  2,3,3,7,24,11,6,3,  467
A BELLWEED  2,3,3,7,24,25,21,25,  613
A BELLOTTO  2,3,3,7,28,27,23,16,  503
A BELTLINE  2,3,3,11,11,4,1,1,  557
A BELTPACK  2,3,3,11,18,19,5,14,  523
A BELTWIDE  2,3,3,11,24,4,16,1,  563
A BELICWOR  2,3,3,17,26,7,7,15,  379
A BELICOSO  2,3,3,17,26,11,24,16,  409
A BEMIRROR  2,3,4,17,27,10,7,15,  367
A BEEPCORE  2,3,5,14,26,11,6,1,  433
A BEECHJET  2,3,5,22,23,3,21,3,  491
A BEECHNUT  2,3,5,22,23,5,9,3,  419
A BEECRYPT  2,3,5,22,27,17,26,3,  521
A BEETHOVIAN  2,3,5,25,28,13,12,10,  541
A BEBLOTCH  2,3,6,7,28,27,5,11,  461
A BEBELOVE  2,3,6,9,11,11,9,1,  503
A BEBELTED  2,3,6,9,11,27,21,25,  641
A BEBEERIN  2,3,6,9,13,10,0,10,  491
A BEBEERUS  2,3,6,9,13,10,9,4,  487
A BEBERAPA  2,3,6,9,27,19,26,24,  601
A BETTMANN  2,3,7,11,12,19,1,10,  569
A BETTERER  2,3,7,11,13,10,21,15,  499
A BETTERED  2,3,7,11,13,10,21,25,  577
A BETIPPLE  2,3,7,17,18,1,19,1,  541
A BESEEMLY  2,3,8,9,13,24,19,22,  659
A BESETTER  2,3,8,9,15,27,21,15,  541
A BESTEHEN  2,3,8,11,13,6,21,10,  523
A BESTEMAN  2,3,8,11,13,24,15,10,  601
A BESTSTAR  2,3,8,11,16,27,15,15,  557
A BESTIRRING  2,3,8,11,21,10,6,20,  467
A BESTIVAL  2,3,8,11,21,13,15,28,  541
A BESTIMMT  2,3,8,11,21,24,20,3,  569
A BESTRATE  2,3,8,11,27,19,23,1,  571
A BESTREWS  2,3,8,11,27,25,3,4,  487
A BESTREWN  2,3,8,11,27,25,3,10,  463
A BESSEMER  2,3,8,12,13,24,21,15,  547
A BESPRENT  2,3,8,14,27,25,1,3,  487
A BESPOUSING  2,3,8,14,28,13,24,20,  461
A BESPOTTING  2,3,8,14,28,27,23,20,  523
A BEZICWES  2,3,8,17,26,7,21,4,  461
A BESCRAWL  2,3,8,22,27,19,3,28,  491
A BESCRAPE  2,3,8,22,27,19,26,1,  509
A BESCOURING  2,3,8,22,28,13,6,20,  389
A BEPOWDER  2,3,10,24,24,20,21,15,  461
A BEINNESS  2,3,13,18,22,25,24,4,  487
A BENIGHTING  2,3,14,17,25,6,23,20,  461
A BENNIGAN  2,3,14,18,21,8,15,10,  457
A BENCHMAN  2,3,14,22,23,24,15,10,  487
A BENCHMEN  2,3,14,22,23,24,21,10,  457
A BENCHERS  2,3,14,22,23,25,6,4,  421
A BEHOWLED  2,3,15,24,24,23,21,25,  503
A BEHOOPED  2,3,15,24,28,1,21,25,  461
A BEHOOVED  2,3,15,24,28,13,21,25,  421
A BEGINNIG  2,3,17,17,22,5,0,13,  379
A BEGINNINGS  2,3,17,17,22,5,11,4,  461
A BEGINNER  2,3,17,17,22,5,21,15,  409
A BEGINERS  2,3,17,17,22,25,6,4,  433
A BEGIRDLING  2,3,17,17,27,20,19,20,  523
A BEGGINER  2,3,17,21,21,5,21,15,  397
A BEGROOVY  2,3,17,23,28,11,9,22,  373
A BEGROANS  2,3,17,23,28,19,1,4,  439
A BEGROANING  2,3,17,23,28,19,1,20,  463
A BEKNIGHT  2,3,18,18,21,8,2,3,  397
A BEKNIVED  2,3,18,18,21,13,21,25,  457
A BECKONED  2,3,18,22,28,5,21,25,  443
A BECOWARD  2,3,18,24,24,19,6,25,  461
A BECURSED  2,3,18,26,27,28,21,25,  461
A BERGISCH  2,3,19,21,21,28,5,11,  373
A BERGHOLZ  2,3,19,21,23,11,19,4,  409
A BERGHAAN  2,3,19,21,23,19,15,10,  499
A BERGONZI  2,3,19,21,28,5,24,9,  373
A BTPURPLE  2,5,10,26,27,1,19,1,  457
A BXNCHARS  2,7,14,22,23,19,6,4,  431
A BIJWONER  2,11,12,20,28,5,21,15,  359
A BINOCLES  2,11,14,24,26,23,21,4,  431
A BICKNELL  2,11,18,22,22,25,19,28,  457
A BICURSAL  2,11,18,26,27,28,15,28,  439
A BIRGITTE  2,11,19,21,21,27,23,1,  433
A BIRGITTA  2,11,19,21,21,27,23,24,  463
A BIRCHARD  2,11,19,22,23,19,6,25,  433
A BIRCHALL  2,11,19,22,23,19,19,28,  479
A BIRCHMAN  2,11,19,22,23,24,15,10,  433
A BIRCHERS  2,11,19,22,23,25,6,4,  367
A BHIKKHUS  2,13,13,22,26,6,9,4,  317
A BROWNISM  2,17,20,20,22,4,24,0,  379
A BROWNIST  2,17,20,20,22,4,24,3,  367
A BROWNISH  2,17,20,20,22,4,24,11,  331
A BROWNOUT  2,17,20,20,22,11,9,3,  293
A BROWNLEE  2,17,20,20,22,23,21,1,  431
A BROWNSON  2,17,20,20,22,28,7,10,  313
A BROCHURE  2,17,20,22,23,13,6,1,  293
A BROCHANT  2,17,20,22,23,19,1,3,  397
A BROCHARD  2,17,20,22,23,19,6,25,  409
A BROCWERY  2,17,20,22,24,25,6,22,  389
A BROCKWAY  2,17,20,22,26,7,15,22,  421
A BROCCOLI  2,17,20,22,26,11,19,9,  313
A BROCKAGE  2,17,20,22,26,19,4,1,  383
A BROCOLIS  2,17,20,22,28,23,0,4,  353
A BROCOLLI  2,17,20,22,28,23,19,9,  373
A BROOKITE  2,17,20,24,26,4,23,1,  353
A BROOKLYN  2,17,20,24,26,23,13,10,  401
A BRUCHSAL  2,17,22,22,23,28,15,28,  431
A BOCCHINO  2,18,18,22,23,4,1,16,  281
A BORGNINE  2,18,19,21,22,4,1,1,  349
A BORGWARD  2,18,19,21,24,19,6,25,  409
A BORGCUBE  2,18,19,21,26,13,22,1,  337
A BORCHARD  2,18,19,22,23,19,6,25,  409
A BORCHERT  2,18,19,22,23,25,6,3,  349
A BOROWIEC  2,18,19,24,24,4,21,14,  313
A BOOKNEWS  2,18,20,22,22,25,3,4,  353
A BOOKHOOD  2,18,20,22,23,11,7,25,  311
A BOOKHOME  2,18,20,22,23,11,20,1,  353
A BOOKWIRE  2,18,20,22,24,4,6,1,  313
A BOOKWORM  2,18,20,22,24,11,6,0,  293
A BOOKWARE  2,18,20,22,24,19,6,1,  379
A BOOKWARD  2,18,20,22,24,19,6,25,  401
A BOOKWAYS  2,18,20,22,24,19,13,4,  457
A BOOKCHIN  2,18,20,22,26,6,0,10,  281
A BOOKROOM  2,18,20,22,27,11,7,0,  281
A BOOKROLL  2,18,20,22,27,11,19,28,  349
A BOUCHIER  2,18,22,22,23,4,21,15,  313
A BOUCHONS  2,18,22,22,23,11,1,4,  293
A BOUCHARD  2,18,22,22,23,19,6,25,  401
A BOUCWETS  2,18,22,22,24,25,23,4,  379
A BOURGOIN  2,18,22,23,25,11,0,10,  263
A BOURGAIN  2,18,22,23,25,19,0,10,  353
A BOURGADE  2,18,22,23,25,19,16,1,  449
A BOURCWIN  2,18,22,23,26,7,0,10,  271
A TELESCOP  3,3,3,9,16,9,7,6,  479
A TELEWARE  3,3,3,9,24,19,6,1,  557
A TELECINE  3,3,3,9,26,4,1,1,  503
A TELECOIL  3,3,3,9,26,11,0,28,  487
A TELEKURS  3,3,3,9,26,13,6,4,  443
A TELECLES  3,3,3,9,26,23,21,4,  569
A TELIGENT  3,3,3,17,25,25,1,3,  499
A TEMECULA  3,3,4,9,26,13,19,24,  547
A TEMBLORS  3,3,4,10,11,11,6,4,  499
A TEMPSTAR  3,3,4,14,16,27,15,15,  557
A TEMPNAME  3,3,4,14,22,19,20,1,  601
A TEMPORIS  3,3,4,14,28,10,0,4,  439
A TEEMLESS  3,3,5,8,11,25,24,4,  607
A TEESHIRT  3,3,5,12,23,4,6,3,  467
A TEENPORN  3,3,5,18,18,11,6,10,  409
A TEEWHAAP  3,3,5,20,23,19,15,6,  569
A TEECCINO  3,3,5,22,26,4,1,16,  383
A TEBURLEW  3,3,6,26,27,23,21,12,  457
A TETROXID  3,3,7,23,28,0,0,25,  467
A TETRONIC  3,3,7,23,28,5,0,14,  373
A TETRODES  3,3,7,23,28,20,21,4,  509
A TESTPARM  3,3,8,11,18,19,6,0,  557
A TESTITIS  3,3,8,11,21,27,0,4,  509
A TESTNAME  3,3,8,11,22,19,20,1,  599
A TESTRITE  3,3,8,11,27,4,23,1,  503
A TESTOONS  3,3,8,11,28,11,1,4,  431
A TESSERIS  3,3,8,12,13,10,0,4,  491
A TESSERAL  3,3,8,12,13,10,15,28,  577
A TESCHNER  3,3,8,22,23,5,21,15,  419
A TEXENSIS  3,3,9,9,22,28,0,4,  503
A TEXTMODE  3,3,9,11,12,11,16,1,  563
A TEXTBASE  3,3,9,11,14,19,24,1,  607
A TEXTRINE  3,3,9,11,27,4,1,1,  467
A TEXTONLY  3,3,9,11,28,5,19,22,  541
A TEXSPORT  3,3,9,12,18,11,6,3,  443
A TEXSHARE  3,3,9,12,23,19,6,1,  521
A TEXCOORD  3,3,9,22,28,11,6,25,  397
A TEPHRITE  3,3,10,19,27,4,23,1,  457
A TEJINDER  3,3,12,17,22,20,21,15,  487
A TEICHMAN  3,3,13,22,23,24,15,10,  487
A TENNISON  3,3,14,18,21,28,7,10,  401
A TENORINO  3,3,14,24,27,4,1,16,  337
A TENOROON  3,3,14,24,27,11,7,10,  313
A TENORMIN  3,3,14,24,27,24,0,10,  401
A TEGURIUM  3,3,17,26,27,4,9,0,  359
A TECNICAL  3,3,18,18,21,9,15,28,  479
A TECHNISM  3,3,18,19,22,4,24,0,  443
A TECHNIST  3,3,18,19,22,4,24,3,  431
A TECHNOIR  3,3,18,19,22,11,0,15,  337
A TECHNOTE  3,3,18,19,22,11,23,1,  421
A TECWILAS  3,3,18,20,21,23,15,4,  509
A TEKGROUP  3,3,18,21,27,11,9,6,  317
A TERGITES  3,3,19,21,21,27,21,4,  461
A TSUCHIYA  3,6,22,22,23,4,13,24,  479
A TININESS  3,11,14,17,22,25,24,4,  449
A TINNIENT  3,11,14,18,21,25,1,3,  431
A TINNITIS  3,11,14,18,21,27,0,4,  419
A TINWOMAN  3,11,14,20,28,24,15,10,  439
A TIKHONOV  3,11,18,19,28,5,7,18,  269
A TIRRWIRR  3,11,19,23,24,4,6,15,  281
A TGWINDOW  3,15,16,17,22,20,7,12,  367
A TROGONES  3,17,20,21,28,5,21,4,  347
A TROCHILS  3,17,20,22,23,4,19,4,  367
A TROCHITE  3,17,20,22,23,4,23,1,  367
A TROCHISK  3,17,20,22,23,4,24,14,  307
A TROCHOID  3,17,20,22,23,11,0,25,  337
A TROCHATE  3,17,20,22,23,19,23,1,  433
A TROCHEES  3,17,20,22,23,25,21,4,  397
A TROCCOLI  3,17,20,22,26,11,19,9,  311
A TRUCKLES  3,17,22,22,26,23,21,4,  389
A TRUCKLER  3,17,22,22,26,23,21,15,  347
A TORCHLIT  3,18,19,22,23,23,0,3,  373
A TORCWERS  3,18,19,22,24,25,6,4,  337
A TOROKHOV  3,18,19,24,26,6,7,18,  227
A TOUCHPAD  3,18,22,22,23,1,15,25,  431
A TOUCHILY  3,18,22,22,23,4,19,22,  409
A TOUCHIER  3,18,22,22,23,4,21,15,  311
A TOUCHBOX  3,18,22,22,23,26,7,5,  317
A TOURCORP  3,18,22,23,26,11,6,6,  251
A SBORRATE  4,4,20,23,27,19,23,1,  463
A STELLMAN  4,5,5,7,11,24,15,10,  619
A STELLENT  4,5,5,7,11,25,1,3,  577
A STELZNER  4,5,5,7,16,5,21,15,  509
A STEMLESS  4,5,5,8,11,25,24,4,  593
A STEMMLER  4,5,5,8,12,23,21,15,  569
A STEMMERY  4,5,5,8,12,25,6,22,  599
A STEMPOST  4,5,5,8,18,11,24,3,  509
A STEMWARE  4,5,5,8,24,19,6,1,  541
A STEELMAN  4,5,5,9,11,24,15,10,  613
A STEELEND  4,5,5,9,11,25,1,25,  601
A STEELERS  4,5,5,9,11,25,6,4,  547
A STEELEYE  4,5,5,9,11,25,13,1,  653
A STEELBOW  4,5,5,9,11,26,7,12,  503
A STEELBOY  4,5,5,9,11,26,7,22,  587
A STEENROD  4,5,5,9,22,10,7,25,  479
A STEERINGLY  4,5,5,9,27,15,19,22,  607
A STEPSIZE  4,5,5,14,16,4,24,1,  523
A STEPSONS  4,5,5,14,16,11,1,4,  461
A STEPHANS  4,5,5,14,23,19,1,4,  521
A STEPHANI  4,5,5,14,23,19,1,9,  499
A STEPHANY  4,5,5,14,23,19,1,22,  571
A STEPHENS  4,5,5,14,23,25,1,4,  491
A STEINITZ  4,5,5,17,22,4,23,4,  479
A STEININGER  4,5,5,17,22,15,21,15,  491
A STEINSKI  4,5,5,17,22,28,5,9,  433
A STEIGMAN  4,5,5,17,25,24,15,10,  521
A STEICHEN  4,5,5,17,26,6,21,10,  439
A STENHOLM  4,5,5,18,23,11,19,0,  479
A STENCILING  4,5,5,18,26,4,19,20,  499
A STENCHES  4,5,5,18,26,6,21,4,  461
A STENOSIS  4,5,5,18,28,28,0,4,  449
A STENOSED  4,5,5,18,28,28,21,25,  521
A STEROIDS  4,5,5,23,28,4,16,4,  467
A STINKARD  4,5,13,18,26,19,6,25,  479
A STICKJAW  4,5,13,22,26,3,15,12,  419
A STICKLAC  4,5,13,22,26,23,15,14,  449
A STICKLEY  4,5,13,22,26,23,21,22,  509
A STICKMAN  4,5,13,22,26,24,15,10,  463
A STICKMEN  4,5,13,22,26,24,21,10,  433
A STICKERS  4,5,13,22,26,25,6,4,  397
A STIRRAGE  4,5,13,23,27,19,4,1,  443
A STRORIES  4,5,19,24,27,4,21,4,  389
A STRUCTOR  4,5,19,26,26,27,7,15,  313
A STOCKILY  4,5,20,22,26,4,19,22,  449
A STOCKISH  4,5,20,22,26,4,24,11,  349
A STOCKHAM  4,5,20,22,26,6,15,0,  433
A STOCKINGER  4,5,20,22,26,15,21,15,  397
A STOCKARD  4,5,20,22,26,19,6,25,  439
A STOCKMAN  4,5,20,22,26,24,15,10,  439
A STOCKMEN  4,5,20,22,26,24,21,10,  409
A STOCKERS  4,5,20,22,26,25,6,4,  373
A STOCKTON  4,5,20,22,26,27,7,10,  337
A STOKROOS  4,5,20,22,27,11,7,4,  307
A STORKISH  4,5,20,23,26,4,24,11,  347
A STORCASE  4,5,20,23,26,19,24,1,  457
A STORRIES  4,5,20,23,27,4,21,4,  389
A STOOKERS  4,5,20,24,26,25,6,4,  367
A SPINIEST  4,8,13,18,21,25,24,3,  463
A SPINNIES  4,8,13,18,22,4,21,4,  433
A SPINNERY  4,8,13,18,22,25,6,22,  463
A SPINKWEE  4,8,13,18,26,7,21,1,  419
A SPINOFFS  4,8,13,18,28,14,10,4,  317
A SPINOSAD  4,8,13,18,28,28,15,25,  499
A SPICKNEL  4,8,13,22,26,5,21,28,  419
A SPNINXES  4,8,14,17,22,0,21,4,  449
A SPHINXOS  4,8,15,17,22,0,7,4,  383
A SPHINXES  4,8,15,17,22,0,21,4,  443
A SPHINDUS  4,8,15,17,22,20,9,4,  421
A SPRUCERY  4,8,19,26,26,25,6,22,  401
A SPRUCELY  4,8,19,26,26,25,19,22,  463
A SPORRANS  4,8,20,23,27,19,1,4,  401
A SPOROGEN  4,8,20,23,28,8,21,10,  331
A SPOOKERY  4,8,20,24,26,25,6,22,  401
A SPOORNET  4,8,20,24,27,5,21,3,  373
A SPOUCHER  4,8,20,26,26,6,21,15,  317
A SPURGALL  4,8,22,23,25,19,19,28,  467
A SPURRERS  4,8,22,23,27,25,6,4,  349
A SINICISM  4,11,14,17,26,4,24,0,  409
A SINNOWED  4,11,14,18,28,7,21,25,  421
A SINCGARS  4,11,14,22,25,19,6,4,  401
A SIGNPOST  4,11,17,18,18,11,24,3,  389
A SIGWINCH  4,11,17,20,21,5,5,11,  313
A SIGGRAPH  4,11,17,21,27,19,26,11,  389
A SICKNESS  4,11,18,22,22,25,24,4,  409
A ZIVKOVIC  4,11,22,22,28,13,0,14,  251
A SIFFREDI  4,11,23,27,27,25,16,9,  383
A SNIPPILY  4,12,13,14,18,4,19,22,  503
A SNIPNOSE  4,12,13,14,22,11,24,1,  409
A SNICKERS  4,12,13,22,26,25,6,4,  367
A SNOWNEWS  4,12,20,20,22,25,3,4,  373
A SNOWWORM  4,12,20,20,24,11,6,0,  313
A SNOWCAMS  4,12,20,20,26,19,20,4,  439
A SNOOGANS  4,12,20,24,25,19,1,4,  389
A SNOOKERS  4,12,20,24,26,25,6,4,  337
A SHIPSIDE  4,13,13,14,16,4,16,1,  487
A SHIPPONS  4,13,13,14,18,11,1,4,  379
A SHIPPENS  4,13,13,14,18,25,1,4,  439
A SHIPPERS  4,13,13,14,18,25,6,4,  421
A SHIPHIRE  4,13,13,14,23,4,6,1,  379
A SHIPWARD  4,13,13,14,24,19,6,25,  463
A SHIPRUSH  4,13,13,14,27,13,24,11,  337
A SHIPOWNING  4,13,13,14,28,7,1,20,  379
A SHINICHI  4,13,13,18,21,9,2,9,  331
A SHINIEST  4,13,13,18,21,25,24,3,  443
A SHINNIED  4,13,13,18,22,4,21,25,  449
A SHINNERY  4,13,13,18,22,25,6,22,  443
A SHICKSAS  4,13,13,22,26,28,15,4,  433
A SHIRKERS  4,13,13,23,26,25,6,4,  359
A SHOWIEST  4,13,20,20,21,25,24,3,  409
A SHOWGIRL  4,13,20,20,25,4,6,28,  331
A SHOWCARD  4,13,20,20,26,19,6,25,  409
A SHOWCASING  4,13,20,20,26,19,24,20,  439
A SHOWOFFS  4,13,20,20,28,14,10,4,  263
A SHOCHIKU  4,13,20,22,23,4,5,18,  263
A SHOCKLEY  4,13,20,22,26,23,21,22,  449
A SHOCKERS  4,13,20,22,26,25,6,4,  337
A SHURHOLD  4,13,22,23,23,11,19,25,  379
A SHURGARD  4,13,22,23,25,19,6,25,  401
A SHEAFRIPE  4,13,24,27,27,4,26,1,  491
A SCWINTER  4,16,16,17,22,27,21,15,  379
A SCWINTED  4,16,16,17,22,27,21,25,  457
A SCWIGGLING  4,16,16,17,25,8,19,20,  397
A SCWIRISM  4,16,16,17,27,4,24,0,  379
A SCWIRISH  4,16,16,17,27,4,24,11,  331
A SCWIRMER  4,16,16,17,27,24,21,15,  373
A SCWIRELY  4,16,16,17,27,25,19,22,  467
A SCWIRESS  4,16,16,17,27,25,24,4,  397
A SCWIRTED  4,16,16,17,27,27,21,25,  439
A SCWOOSHING  4,16,16,24,28,28,2,20,  349
A SCROGGIE  4,16,19,24,25,8,0,1,  313
A SCOGGINS  4,16,20,21,25,4,1,4,  317
A SCORCHES  4,16,20,23,26,6,21,4,  337
A SCORCHED  4,16,20,23,26,6,21,25,  373
A SCURRILE  4,16,22,23,27,4,19,1,  359
A SORROWER  4,18,19,23,28,7,21,15,  283
A SOROCHES  4,18,19,24,26,6,21,4,  331
A SOROCABA  4,18,19,24,26,19,22,24,  443
A SORORITY  4,18,19,24,27,4,23,22,  379
A SORORIZE  4,18,19,24,27,4,24,1,  337
A SORORATE  4,18,19,24,27,19,23,1,  409
A SOVKHOZY  4,18,22,22,23,11,24,22,  359
A SOURWOOD  4,18,22,23,24,11,7,25,  293
A SOURCETV  4,18,22,23,26,25,23,18,  313
A SUFFRONT  4,20,23,27,27,11,1,3,  263
A SUFFRAGE  4,20,23,27,27,19,4,1,  349
A XTTORNEY  5,5,7,24,27,5,21,22,  479
A PINPRICK  6,11,14,14,27,4,5,14,  311
A PINWHEEL  6,11,14,20,23,25,21,28,  449
A PINCHERS  6,11,14,22,23,25,6,4,  367
A PINCHBUG  6,11,14,22,23,26,9,13,  317
A PINOCHLE  6,11,14,24,26,6,19,1,  383
A PICNICKING  6,11,18,18,21,9,5,20,  347
A PICNICKY  6,11,18,18,21,9,5,22,  373
A PICWIERE  6,11,18,20,21,25,6,1,  379
A PICKNICK  6,11,18,22,22,4,5,14,  283
A PICKRELL  6,11,18,22,27,25,19,28,  421
A PICCOLOS  6,11,18,22,28,23,7,4,  337
A PHORONID  6,13,20,23,28,5,0,25,  337
A PROGNOSE  6,17,20,21,22,11,24,1,  331
A PROGNAME  6,17,20,21,22,19,20,1,  439
A PROGRADE  6,17,20,21,27,19,16,1,  439
A PROGRAME  6,17,20,21,27,19,20,1,  421
A PROGRAMING  6,17,20,21,27,19,20,20,  431
A PROGRAMY  6,17,20,21,27,19,20,22,  457
A PROGRAPH  6,17,20,21,27,19,26,11,  349
A PROGREDE  6,17,20,21,27,25,16,1,  409
A PROGRESS  6,17,20,21,27,25,24,4,  359
A PROGRESO  6,17,20,21,27,25,24,16,  313
A PROCHIST  6,17,20,22,23,4,24,3,  337
A PROCHOOI  6,17,20,22,23,11,7,9,  239
A PROCOURT  6,17,20,22,28,13,6,3,  251
A PROCOLOR  6,17,20,22,28,23,7,15,  269
A PROROGUE  6,17,20,23,28,8,9,1,  263
A PROROYAL  6,17,20,23,28,17,15,28,  449
A PROVOKED  6,17,20,26,28,9,21,25,  337
A PORKWOOD  6,18,19,22,24,11,7,25,  293
A PORKCHOP  6,18,19,22,26,6,7,6,  257
A POROKOTO  6,18,19,24,26,11,23,16,  251
A POROROCA  6,18,19,24,27,11,5,24,  293
A POURRAIT  6,18,22,23,27,19,0,3,  359
A INJURIES  9,12,12,26,27,4,21,4,  359
A INICWOUS  9,12,13,22,24,11,9,4,  283
A INNORUUK  9,12,14,24,27,13,9,14,  223
A INKHORNS  9,12,18,19,28,10,1,4,  293
A INCHOATING  9,12,18,19,28,19,23,20,  433
A INCOGENT  9,12,18,24,25,25,1,3,  349
A INCURVES  9,12,18,26,27,13,21,4,  307
A INROOTED  9,12,19,24,28,27,21,25,  397
A INVOKERS  9,12,22,24,26,25,6,4,  311
A IWOKRAMA  9,14,20,22,27,19,20,24,  443
A ICKNIELD  9,16,18,18,21,25,19,25,  443
A IRROGATE  9,17,19,24,25,19,23,1,  397
A IROCWOIS  9,17,20,22,24,11,0,4,  269
A NICHIREN  10,11,18,19,21,10,21,10,  331
A NICHROME  10,11,18,19,27,11,20,1,  349
A NICHOLAI  10,11,18,19,28,23,15,9,  401
A NICKNAMING  10,11,18,22,22,19,20,20,  457
A NICCOLIC  10,11,18,22,28,23,0,14,  307
A NICKOLAY  10,11,18,22,28,23,15,22,  463
A NORCROSS  10,18,19,22,27,11,24,4,  281
A NOVOCAIN  10,18,22,24,26,19,0,10,  313
A HINNITES  11,11,14,18,21,27,21,4,  419
A HINCKLEY  11,11,14,22,26,23,21,22,  449
A HIGHWIND  11,11,17,19,24,4,1,25,  359
A HIGHWOOD  11,11,17,19,24,11,7,25,  313
A HIGHWAYS  11,11,17,19,24,19,13,4,  463
A HIGHGATE  11,11,17,19,25,19,23,1,  431
A HIGHRISE  11,11,17,19,27,4,24,1,  353
A HICKWALL  11,11,18,22,24,19,19,28,  439
A HICCOUGH  11,11,18,22,28,13,4,11,  227
A HORROBIN  11,18,19,23,28,26,0,10,  277
A HOROWITZ  11,18,19,24,24,4,23,4,  307
A HOOKWISE  11,18,20,22,24,4,24,1,  317
A HOOKWEED  11,18,20,22,24,25,21,25,  389
A WHIPPINGLY  12,13,13,14,18,15,19,22,  509
A WHIPJACK  12,13,13,14,20,19,5,14,  373
A WHIPWISE  12,13,13,14,24,4,24,1,  383
A WHINIEST  12,13,13,18,21,25,24,3,  409
A WHINNIES  12,13,13,18,22,4,21,4,  379
A WHINNIER  12,13,13,18,22,4,21,15,  337
A WHIGGISM  12,13,13,21,25,4,24,0,  359
A WHIGGISH  12,13,13,21,25,4,24,11,  311
A WHIRRIED  12,13,13,23,27,4,21,25,  379
A WWWJPOST  12,14,16,16,18,11,24,3,  353
A WWWJOKES  12,14,16,16,28,9,21,4,  331
A WWWGOCOM  12,14,16,21,28,9,7,0,  269
A WWWKODAK  12,14,16,22,28,20,15,14,  373
A WORKWISE  12,18,19,22,24,4,24,1,  317
A WORKWAYS  12,18,19,22,24,19,13,4,  419
A WORKWEEK  12,18,19,22,24,25,21,14,  313
A WORKKEYS  12,18,19,22,26,25,13,4,  383
A WORKREST  12,18,19,22,27,25,24,3,  337
A WORKOUTS  12,18,19,22,28,13,23,4,  269
A GROGGILY  13,17,20,21,25,4,19,22,  373
A GROGGERY  13,17,20,21,25,25,6,22,  347
A GOOGOSCH  13,18,20,21,28,28,5,11,  241
A CROWNERS  14,17,20,20,22,25,6,4,  307
A CROCHETING  14,17,20,22,23,25,23,20,  367
A CROCKPOT  14,17,20,22,26,1,7,3,  263
A CROOKLYN  14,17,20,24,26,23,13,10,  353
A KROUCHKA  14,17,20,26,26,6,5,24,  277
A COCWINAS  14,18,18,20,21,5,15,4,  359
A COCKCROW  14,18,18,22,26,10,7,12,  193
A COCKRILL  14,18,18,22,27,4,19,28,  331
A COCKRELL  14,18,18,22,27,25,19,28,  367
A COCOWORT  14,18,18,24,24,11,6,3,  233
A COCORICO  14,18,18,24,27,4,5,16,  199
A KORHONEN  14,18,19,19,28,5,21,10,  283
A CORKWOOD  14,18,19,22,24,11,7,25,  263
A CORRODER  14,18,19,23,28,20,21,15,  313
A COOKWARE  14,18,20,22,24,19,6,1,  331
A COOKGIRL  14,18,20,22,25,4,6,28,  269
A COOKROOM  14,18,20,22,27,11,7,0,  233
A KOUCHNER  14,18,22,22,23,5,21,15,  263
A COUCHMAN  14,18,22,22,23,24,15,10,  353
A COURRIER  14,18,22,23,27,4,21,15,  251
A COURRIEL  14,18,22,23,27,4,21,28,  313
A COURONNE  14,18,22,23,28,5,1,1,  263
A COFFRETS  14,18,23,27,27,25,23,4,  311
A ROCKNERD  15,18,18,22,22,25,6,25,  337
A ROCKWORK  15,18,18,22,24,11,6,14,  191
A ROCKWOOD  15,18,18,22,24,11,7,25,  263
A ROCKWELL  15,18,18,22,24,25,19,28,  373
A ROCKWEED  15,18,18,22,24,25,21,25,  383
A ROOKWOOD  15,18,20,22,24,11,7,25,  257
A ROURKELA  15,18,22,23,26,25,19,24,  379
A OCCURRED  16,16,18,26,27,10,21,25,  311
A OROGRAPH  16,17,20,21,27,19,26,11,  313
A OFFROADING  16,21,23,23,28,19,16,20,  389
A VOORRAAD  18,18,20,23,27,19,15,25,  419
A VOUCHERS  18,18,22,22,23,25,6,4,  277
