Results for: Crib phrase is Emirp, First 5 offsets of the crib word are ascending in order.

Crib | Offsets | GP Sum
A MELANAEMIA  0,3,3,3,22,18,20,21,  797
A MESORHIN  0,3,8,24,27,6,0,10,  389
A MERCOURI  0,3,19,22,28,13,6,9,  311
A MINICOPE  0,11,14,17,26,11,26,1,  389
A MINCOPIE  0,11,14,22,28,1,0,1,  389
A MINORIST  0,11,14,24,27,4,24,3,  389
A MICROPAC  0,11,18,23,28,1,15,14,  383
A MICRONIX  0,11,18,23,28,5,0,5,  337
A MICROCAP  0,11,18,23,28,9,15,6,  383
A MICROLUX  0,11,18,23,28,23,9,5,  353
A MIKROLUX  0,11,18,23,28,23,9,5,  353
A MICROBUS  0,11,18,23,28,26,9,4,  347
A MCKNIGHT  0,16,18,18,21,8,2,3,  353
A EBOOKERS  1,4,20,24,26,25,6,4,  383
A EXHORTER  1,7,15,24,27,27,21,15,  389
A EXCURSUS  1,7,18,26,27,28,9,4,  347
A EPIGONUS  1,8,13,21,28,5,9,4,  347
A EPIROTIC  1,8,13,23,28,27,0,14,  359
A EINKORNS  1,11,14,22,28,10,1,4,  337
A ENWWOVEN  1,12,16,20,28,13,21,10,  337
A EGGWHISK  1,15,17,20,23,4,24,14,  337
A ECOWORLD  1,16,20,20,28,10,19,25,  383
A ERRHINES  1,17,19,19,21,5,21,4,  389
A ERRORIST  1,17,19,24,27,4,24,3,  347
A ERRORBAR  1,17,19,24,27,26,15,15,  373
A BESCOURING  2,3,8,22,28,13,6,20,  389
A BEGROOVY  2,3,17,23,28,11,9,22,  373
A BERGISCH  2,3,19,21,21,28,5,11,  373
A BERGONZI  2,3,19,21,28,5,24,9,  373
A BIJWONER  2,11,12,20,28,5,21,15,  359
A BROWNSON  2,17,20,20,22,28,7,10,  313
A BROCWERY  2,17,20,22,24,25,6,22,  389
A BROCCOLI  2,17,20,22,26,11,19,9,  313
A BROCKAGE  2,17,20,22,26,19,4,1,  383
A BROCOLIS  2,17,20,22,28,23,0,4,  353
A BROCOLLI  2,17,20,22,28,23,19,9,  373
A BROOKITE  2,17,20,24,26,4,23,1,  353
A BORGCUBE  2,18,19,21,26,13,22,1,  337
A BOROWIEC  2,18,19,24,24,4,21,14,  313
A BOOKNEWS  2,18,20,22,22,25,3,4,  353
A BOOKHOOD  2,18,20,22,23,11,7,25,  311
A BOOKHOME  2,18,20,22,23,11,20,1,  353
A BOOKWIRE  2,18,20,22,24,4,6,1,  313
A BOUCHIER  2,18,22,22,23,4,21,15,  313
A BOURGAIN  2,18,22,23,25,19,0,10,  353
A TEECCINO  3,3,5,22,26,4,1,16,  383
A TETRONIC  3,3,7,23,28,5,0,14,  373
A TENORINO  3,3,14,24,27,4,1,16,  337
A TENOROON  3,3,14,24,27,11,7,10,  313
A TEGURIUM  3,3,17,26,27,4,9,0,  359
A TECHNOIR  3,3,18,19,22,11,0,15,  337
A TROGONES  3,17,20,21,28,5,21,4,  347
A TROCHOID  3,17,20,22,23,11,0,25,  337
A TROCCOLI  3,17,20,22,26,11,19,9,  311
A TRUCKLES  3,17,22,22,26,23,21,4,  389
A TRUCKLER  3,17,22,22,26,23,21,15,  347
A TORCHLIT  3,18,19,22,23,23,0,3,  373
A TORCWERS  3,18,19,22,24,25,6,4,  337
A TOUCHIER  3,18,22,22,23,4,21,15,  311
A STRORIES  4,5,19,24,27,4,21,4,  389
A STRUCTOR  4,5,19,26,26,27,7,15,  313
A STOCKERS  4,5,20,22,26,25,6,4,  373
A STOCKTON  4,5,20,22,26,27,7,10,  337
A STORKISH  4,5,20,23,26,4,24,11,  347
A STORRIES  4,5,20,23,27,4,21,4,  389
A SPHINXOS  4,8,15,17,22,0,7,4,  383
A SPOORNET  4,8,20,24,27,5,21,3,  373
A SIGNPOST  4,11,17,18,18,11,24,3,  389
A SIGWINCH  4,11,17,20,21,5,5,11,  313
A SIGGRAPH  4,11,17,21,27,19,26,11,  389
A SIFFREDI  4,11,23,27,27,25,16,9,  383
A SNOWNEWS  4,12,20,20,22,25,3,4,  373
A SNOWWORM  4,12,20,20,24,11,6,0,  313
A SNOOGANS  4,12,20,24,25,19,1,4,  389
A SNOOKERS  4,12,20,24,26,25,6,4,  337
A SHIPRUSH  4,13,13,14,27,13,24,11,  337
A SHIRKERS  4,13,13,23,26,25,6,4,  359
A SHOCKERS  4,13,20,22,26,25,6,4,  337
A SCWIRMER  4,16,16,17,27,24,21,15,  373
A SCROGGIE  4,16,19,24,25,8,0,1,  313
A SCORCHES  4,16,20,23,26,6,21,4,  337
A SCORCHED  4,16,20,23,26,6,21,25,  373
A SCURRILE  4,16,22,23,27,4,19,1,  359
A SORORIZE  4,18,19,24,27,4,24,1,  337
A SOVKHOZY  4,18,22,22,23,11,24,22,  359
A SOURCETV  4,18,22,23,26,25,23,18,  313
A PINPRICK  6,11,14,14,27,4,5,14,  311
A PINOCHLE  6,11,14,24,26,6,19,1,  383
A PICNICKING  6,11,18,18,21,9,5,20,  347
A PICNICKY  6,11,18,18,21,9,5,22,  373
A PICCOLOS  6,11,18,22,28,23,7,4,  337
A PHORONID  6,13,20,23,28,5,0,25,  337
A PROGRESS  6,17,20,21,27,25,24,4,  359
A PROGRESO  6,17,20,21,27,25,24,16,  313
A PROCHIST  6,17,20,22,23,4,24,3,  337
A PROVOKED  6,17,20,26,28,9,21,25,  337
A POURRAIT  6,18,22,23,27,19,0,3,  359
A INJURIES  9,12,12,26,27,4,21,4,  359
A INVOKERS  9,12,22,24,26,25,6,4,  311
A NOVOCAIN  10,18,22,24,26,19,0,10,  313
A HIGHWIND  11,11,17,19,24,4,1,25,  359
A HIGHWOOD  11,11,17,19,24,11,7,25,  313
A HIGHRISE  11,11,17,19,27,4,24,1,  353
A HOOKWEED  11,18,20,22,24,25,21,25,  389
A WHIPJACK  12,13,13,14,20,19,5,14,  373
A WHIPWISE  12,13,13,14,24,4,24,1,  383
A WHINNIER  12,13,13,18,22,4,21,15,  337
A WHIGGISM  12,13,13,21,25,4,24,0,  359
A WHIGGISH  12,13,13,21,25,4,24,11,  311
A WWWJPOST  12,14,16,16,18,11,24,3,  353
A WWWKODAK  12,14,16,22,28,20,15,14,  373
A WORKWEEK  12,18,19,22,24,25,21,14,  313
A WORKKEYS  12,18,19,22,26,25,13,4,  383
A WORKREST  12,18,19,22,27,25,24,3,  337
A GROGGILY  13,17,20,21,25,4,19,22,  373
A GROGGERY  13,17,20,21,25,25,6,22,  347
A CROOKLYN  14,17,20,24,26,23,13,10,  353
A COCWINAS  14,18,18,20,21,5,15,4,  359
A COCORICO  14,18,18,24,27,4,5,16,  199
A CORRODER  14,18,19,23,28,20,21,15,  313
A COUCHMAN  14,18,22,22,23,24,15,10,  353
A COURRIEL  14,18,22,23,27,4,21,28,  313
A COFFRETS  14,18,23,27,27,25,23,4,  311
A ROCKNERD  15,18,18,22,22,25,6,25,  337
A ROCKWORK  15,18,18,22,24,11,6,14,  191
A ROCKWELL  15,18,18,22,24,25,19,28,  373
A ROCKWEED  15,18,18,22,24,25,21,25,  383
A OCCURRED  16,16,18,26,27,10,21,25,  311
A OROGRAPH  16,17,20,21,27,19,26,11,  313
A OFFROADING  16,21,23,23,28,19,16,20,  389
