    Crib           Shifts          GP Sum
A MELUSINE  0,0,3,3,26,16,4,1,1,  491
A METISGEN  0,0,3,7,17,16,8,21,10,  491
A MESTIZOS  0,0,3,8,11,21,28,7,4,  491
A MESPILUS  0,0,3,8,14,21,23,9,4,  491
A MESHMERI  0,0,3,8,19,12,25,6,9,  491
A MENEGUEL  0,0,3,14,9,25,13,21,28,  491
A MEGAVOLT  0,0,3,17,3,1,11,19,3,  491
A MERSENNE  0,0,3,19,12,13,5,1,1,  491
A METHODISM  0,0,3,21,24,8,4,24,0,  491
A MIDSHIPS  0,0,11,0,12,23,4,26,4,  491
A MITIGANT  0,0,11,7,17,25,19,1,3,  491
A MITCHARD  0,0,11,7,22,23,19,6,25,  491
A MINYCLIP  0,0,11,14,1,26,23,0,6,  491
A MINTCREAM  0,0,11,14,11,26,10,11,0,  491
A MINSTREL  0,0,11,14,12,15,10,21,28,  491
A MINISHED  0,0,11,14,17,16,6,21,25,  491
A MICANOPY  0,0,11,18,3,22,11,26,22,  491
A MCCAHILL  0,0,16,18,3,23,4,19,28,  491
A MODERNES  0,0,18,0,9,27,5,21,4,  491
A MODULIZE  0,0,18,0,26,11,4,24,1,  491
A MOBILISE  0,0,18,6,17,11,4,24,1,  491
A MOBILIZE  0,0,18,6,17,11,4,24,1,  491
A MOTTGAGE  0,0,18,7,11,25,19,4,1,  491
A MOTIVATE  0,0,18,7,17,1,19,23,1,  491
A MOSTRADO  0,0,18,8,11,27,19,16,16,  491
A MOSSIEST  0,0,18,8,12,21,25,24,3,  491
A MONASTER  0,0,18,14,3,16,27,21,15,  491
A MONSTERA  0,0,18,14,12,15,25,6,24,  491
A MORMYRID  0,0,18,19,8,5,10,0,25,  491
A MOULDIES  0,0,18,22,7,8,4,21,4,  491
A MOVELESS  0,0,18,22,9,11,25,24,4,  491
A MOUSSAKA  0,0,18,22,12,16,19,5,24,  491
A MULLENIX  0,0,20,3,7,13,5,0,5,  491
A MULLIGAN  0,0,20,3,7,21,8,15,10,  491
A MULTIGAP  0,0,20,3,11,21,8,15,6,  491
A MUSICALS  0,0,20,8,17,26,19,19,4,  491
A MUSICATE  0,0,20,8,17,26,19,23,1,  491
A MURAKAMI  0,0,20,19,3,26,19,20,9,  491
A MIAMITOWN  0,0,23,4,17,15,11,3,10,  491
A MYELONIC  0,0,24,5,7,28,5,0,14,  491
A MYCOLOGY  0,0,24,18,24,11,11,4,22,  491
A MATSUURA  0,0,26,7,12,1,13,6,24,  491
A MATCHERS  0,0,26,7,22,23,25,6,4,  491
A MATRULLO  0,0,26,7,23,1,23,19,16,  491
A MASSPORT  0,0,26,8,12,18,11,6,3,  491
A MAILOUTS  0,0,26,13,7,28,13,23,4,  491
A MANUREWA  0,0,26,14,26,27,25,3,24,  491
A MAHNOMEN  0,0,26,15,18,28,24,21,10,  491
A MAGENNIS  0,0,26,17,9,22,5,0,4,  491
A MAGIDSON  0,0,26,17,17,8,28,7,10,  491
A MACIUNAS  0,0,26,18,17,1,5,15,4,  491
A MACHACEK  0,0,26,18,19,7,9,21,14,  491
A MARGHERA  0,0,26,19,21,23,25,6,24,  491
A MARKHUANG  0,0,26,19,22,23,13,15,27,  491
A BLACKHEATH  0,2,1,28,22,26,6,11,17,  491
A BEDCLOTHING  0,2,3,0,22,11,11,8,20,  491
A BELLVIEW  0,2,3,3,7,1,4,21,12,  491
A BELLPORT  0,2,3,3,7,18,11,6,3,  491
A BELONITE  0,2,3,3,24,22,4,23,1,  491
A BEECHJET  0,2,3,5,22,23,3,21,3,  491
A BEBEERIN  0,2,3,6,9,13,10,0,10,  491
A BESPEECH  0,2,3,8,14,13,25,5,11,  491
A BESCRAWL  0,2,3,8,22,27,19,3,28,  491
A BECRAWLS  0,2,3,18,23,7,7,19,4,  491
A BECONASE  0,2,3,18,24,22,19,24,1,  491
A BEURETTE  0,2,3,22,23,13,27,23,1,  491
A BIBORATE  0,2,11,6,24,27,19,23,1,  491
A BITCHILY  0,2,11,7,22,23,4,19,22,  491
A BISMUTHAL  0,2,11,8,8,1,12,15,28,  491
A BRIDGEND  0,2,17,13,4,25,25,1,25,  491
A BRIDGETT  0,2,17,13,4,25,25,23,3,  491
A BRODMANN  0,2,17,20,4,12,19,1,10,  491
A BRUNILDA  0,2,17,22,18,21,23,16,24,  491
A BRATTISH  0,2,17,28,11,15,4,24,11,  491
A BRANDISH  0,2,17,28,18,8,4,24,11,  491
A BRANDNER  0,2,17,28,18,8,5,21,15,  491
A BRACKNEY  0,2,17,28,22,26,5,21,22,  491
A BRAVENET  0,2,17,28,26,13,5,21,3,  491
A BOTANICA  0,2,18,7,3,22,4,5,24,  491
A BOTANIKA  0,2,18,7,3,22,4,5,24,  491
A BOSSDOMS  0,2,18,8,12,8,11,20,4,  491
A BOSSHARD  0,2,18,8,12,23,19,6,25,  491
A BOOBYISM  0,2,18,20,10,5,4,24,0,  491
A BOOTMAKING  0,2,18,20,11,12,19,5,20,  491
A BOATWISE  0,2,18,28,11,24,4,24,1,  491
A BULLLIKE  0,2,20,3,7,11,4,5,1,  491
A BULLBACK  0,2,20,3,7,14,19,5,14,  491
A BUTSUDAN  0,2,20,7,12,1,20,15,10,  491
A BUSINESA  0,2,20,8,17,22,25,24,24,  491
A BUAINESS  0,2,20,28,17,22,25,24,4,  491
A BEALTUINN  0,2,22,3,11,1,4,1,10,  491
A BEAMHOUSE  0,2,22,4,19,28,13,24,1,  491
A BIOTOXINS  0,2,23,7,24,17,4,1,4,  491
A BALEWORT  0,2,26,3,9,24,11,6,3,  491
A BACKSITE  0,2,26,18,22,16,4,23,1,  491
A BACODINE  0,2,26,18,24,8,4,1,1,  491
A TESSERIS  0,3,3,8,12,13,10,0,4,  491
A TERMINET  0,3,3,19,8,21,5,21,3,  491
A TERRANES  0,3,3,19,23,7,5,21,4,  491
A TERRARIIA  0,3,3,19,23,7,10,0,21,  491
A TERRENAS  0,3,3,19,23,13,5,15,4,  491
A TIEBACKS  0,3,11,5,10,7,9,5,4,  491
A TIGELLUM  0,3,11,17,9,11,23,9,0,  491
A TIGHTWAD  0,3,11,17,19,15,7,15,25,  491
A TIREMENT  0,3,11,19,9,12,25,1,3,  491
A TRESSLER  0,3,17,5,12,16,23,21,15,  491
A TRIRATNA  0,3,17,13,23,7,27,1,24,  491
A TROWABLE  0,3,17,20,20,7,26,19,1,  491
A TRAPLIKE  0,3,17,28,14,11,4,5,1,  491
A TRAINMEN  0,3,17,28,17,22,24,21,10,  491
A TRANSPATH  0,3,17,28,18,16,1,15,17,  491
A TRACTISM  0,3,17,28,22,15,4,24,0,  491
A TOMISLAV  0,3,18,4,17,16,23,15,18,  491
A TOOLMAKE  0,3,18,20,7,12,19,5,1,  491
A TULIPANT  0,3,20,3,17,18,19,1,3,  491
A TULKAREM  0,3,20,3,22,7,10,21,0,  491
A TUBBIEST  0,3,20,6,10,21,25,24,3,  491
A TUTIORISM  0,3,20,7,0,27,4,24,0,  491
A TABACCHI  0,3,26,6,3,26,9,2,9,  491
A TABOURED  0,3,26,6,24,1,10,21,25,  491
A TAXODONT  0,3,26,9,24,8,11,1,3,  491
A TAIMANOV  0,3,26,13,8,7,5,7,18,  491
A TARTARIN  0,3,26,19,11,7,10,0,10,  491
A TARSITIS  0,3,26,19,12,21,27,0,4,  491
A TARRIANCE  0,3,26,19,23,4,5,5,1,  491
A SLIPWARE  0,4,1,13,14,24,19,6,1,  491
A SLIVERED  0,4,1,13,26,13,10,21,25,  491
A SLASHNOT  0,4,1,28,12,23,5,7,3,  491
A SMOGLESS  0,4,2,20,21,11,25,24,4,  491
A SMARTKIT  0,4,2,28,23,15,9,0,3,  491
A SMARTONE  0,4,2,28,23,15,11,1,1,  491
A SMARTECH  0,4,2,28,23,15,25,5,11,  491
A SELENIUM  0,4,3,3,9,22,4,9,0,  491
A SEMILUNE  0,4,3,4,17,11,13,1,1,  491
A SEMINIST  0,4,3,4,17,22,4,24,3,  491
A SEMINULE  0,4,3,4,17,22,13,19,1,  491
A SENATRIX  0,4,3,14,3,15,10,0,5,  491
A SENTIENT  0,4,3,14,11,21,25,1,3,  491
A ZECHARIAH  0,4,3,18,19,7,10,12,11,  491
A SEVERITY  0,4,3,22,9,27,4,23,22,  491
A STEPHENS  0,4,5,5,14,23,25,1,4,  491
A STIMPERT  0,4,5,13,8,18,25,6,3,  491
A STITCHED  0,4,5,13,11,26,6,21,25,  491
A STICHARIA  0,4,5,13,22,23,19,6,21,  491
A STRATEGI  0,4,5,19,3,15,25,4,9,  491
A STRAHLER  0,4,5,19,3,23,23,21,15,  491
A STRAGGLE  0,4,5,19,3,25,8,19,1,  491
A STREETER  0,4,5,19,9,13,27,21,15,  491
A STRPTIME  0,4,5,19,14,15,4,20,1,  491
A STRIGATE  0,4,5,19,17,25,19,23,1,  491
A STRINGENDO  0,4,5,19,28,13,5,16,16,  491
A STORAXES  0,4,5,20,23,7,0,21,4,  491
A STOREMAN  0,4,5,20,23,13,24,15,10,  491
A STANMORE  0,4,5,28,18,12,11,6,1,  491
A STANNUMS  0,4,5,28,18,22,13,20,4,  491
A STANCHES  0,4,5,28,18,26,6,21,4,  491
A STANKONIA  0,4,5,28,18,26,11,1,21,  491
A STAGGIES  0,4,5,28,21,25,4,21,4,  491
A STARTINGNO  0,4,5,28,23,15,15,1,16,  491
A STAFFAGE  0,4,5,28,27,2,19,4,1,  491
A SPRAGGED  0,4,8,19,3,25,8,21,25,  491
A SPARKILL  0,4,8,28,23,26,4,19,28,  491
A SILICANE  0,4,11,3,17,26,19,1,1,  491
A SILICLES  0,4,11,3,17,26,23,21,4,  491
A SILVERED  0,4,11,3,26,13,10,21,25,  491
A SITARIST  0,4,11,7,3,27,4,24,3,  491
A SIZZLERS  0,4,11,8,12,11,25,6,4,  491
A ZIPPEITE  0,4,11,10,14,13,4,23,1,  491
A SNATCHES  0,4,12,28,11,26,6,21,4,  491
A SNAZZIER  0,4,12,28,12,16,4,21,15,  491
A SNARLERS  0,4,12,28,23,11,25,6,4,  491
A SHOEBOXES  0,4,13,1,10,28,0,21,4,  491
A SHERBETS  0,4,13,5,23,14,25,23,4,  491
A SHADCHEN  0,4,13,28,4,26,6,21,10,  491
A SHAHARIT  0,4,13,28,19,7,10,0,3,  491
A SWISHMAX  0,4,14,13,12,23,24,15,5,  491
A SWIVETTY  0,4,14,13,26,13,27,23,22,  491
A SWALLOWS  0,4,14,28,7,11,11,3,4,  491
A SCHLEPPING  0,4,16,15,7,13,1,26,20,  491
A SCWIBBED  0,4,16,16,17,14,26,21,25,  491
A SCUMBLES  0,4,16,22,8,14,23,21,4,  491
A SCABETIC  0,4,16,28,10,13,27,0,14,  491
A SCABBIER  0,4,16,28,10,14,4,21,15,  491
A SOLATIUM  0,4,18,3,3,15,4,9,0,  491
A SONARMAN  0,4,18,14,3,27,24,15,10,  491
A SOUTHDALE  0,4,18,22,25,8,19,19,1,  491
A SUMERIANS  0,4,20,4,9,27,16,1,4,  491
A SUBDRILL  0,4,20,6,4,27,4,19,28,  491
A SUBPAGES  0,4,20,6,14,7,8,21,4,  491
A SUBCHELAE  0,4,20,6,22,23,25,19,23,  491
A SUPPLEST  0,4,20,10,14,11,25,24,3,  491
A SUPINATING  0,4,20,10,17,22,19,23,20,  491
A SUGAWARA  0,4,20,17,3,24,19,6,24,  491
A SUCCEDED  0,4,20,18,22,13,20,21,25,  491
A SEARCHANT  0,4,22,19,22,23,19,1,3,  491
A SIALORRHEA  0,4,23,3,24,27,10,2,20,  491
A SYNTHESIS  0,4,24,14,25,13,28,0,4,  491
A SYRINXES  0,4,24,19,17,22,0,21,4,  491
A SALICINE  0,4,26,3,17,26,4,1,1,  491
A SATIRIST  0,4,26,7,17,27,4,24,3,  491
A SAPROPEL  0,4,26,10,23,28,1,21,28,  491
A SANTERRE  0,4,26,14,11,13,10,6,1,  491
A SANITORIA  0,4,26,14,17,15,11,6,21,  491
A SAGGIEST  0,4,26,17,21,21,25,24,3,  491
A SARGODHA  0,4,26,19,21,28,20,2,24,  491
A SARKISIAN  0,4,26,19,22,21,28,12,10,  491
A XRENTDVD  0,5,17,5,18,15,20,9,25,  491
A XYLOCARP  0,5,24,3,24,26,19,6,6,  491
A XANTHENES  0,5,26,14,25,13,5,21,4,  491
A PLEDGEORS  0,6,1,5,4,25,2,6,4,  491
A PLICATER  0,6,1,13,22,7,27,21,15,  491
A PLOIDIES  0,6,1,20,17,8,4,21,4,  491
A PLUMTREE  0,6,1,22,8,15,10,21,1,  491
A PLUNDERING  0,6,1,22,18,8,25,6,20,  491
A PLYWOODS  0,6,1,26,20,28,11,16,4,  491
A PLATOONING  0,6,1,28,11,28,11,1,20,  491
A PELASGIC  0,6,3,3,3,16,8,0,14,  491
A PELAGICS  0,6,3,3,3,25,4,5,4,  491
A PELLERIN  0,6,3,3,7,13,10,0,10,  491
A PEEPLIVE  0,6,3,5,14,11,4,9,1,  491
A PETANCWE  0,6,3,7,3,22,9,3,1,  491
A PERAMIUM  0,6,3,19,3,12,4,9,0,  491
A PERNILLE  0,6,3,19,18,21,23,19,1,  491
A PSTOTEXT  0,6,6,7,24,15,25,25,3,  491
A PSORIASES  0,6,6,20,23,4,28,21,4,  491
A PILOTAGE  0,6,11,3,24,15,19,4,1,  491
A PISACHEE  0,6,11,8,3,26,6,21,1,  491
A PINNACLING  0,6,11,14,18,7,9,19,20,  491
A PINCHINGLY  0,6,11,14,22,23,15,19,22,  491
A PHLEBOID  0,6,13,3,9,14,11,0,25,  491
A PHILLIES  0,6,13,13,7,11,4,21,4,  491
A PHONATION  0,6,13,20,18,7,27,12,10,  491
A PRELATIC  0,6,17,5,7,7,27,0,14,  491
A PRELOREAL  0,6,17,5,7,28,10,11,28,  491
A PREMOTION  0,6,17,5,8,28,27,12,10,  491
A PRESSDOM  0,6,17,5,12,16,20,7,0,  491
A PRESSMEN  0,6,17,5,12,16,24,21,10,  491
A PREOMITTING  0,6,17,11,8,21,27,23,20,  491
A PROAMNION  0,6,17,20,3,12,5,12,10,  491
A PROLAPSE  0,6,17,20,7,7,1,24,1,  491
A PROBLIMA  0,6,17,20,10,11,4,20,24,  491
A PRAESENTI  0,6,17,27,12,13,5,23,9,  491
A POLYTHENE  0,6,18,3,1,0,25,1,1,  491
A POLARISING  0,6,18,3,3,27,4,24,20,  491
A POLARIZING  0,6,18,3,3,27,4,24,20,  491
A POLLUTION  0,6,18,3,7,1,27,12,10,  491
A POSTLUDE  0,6,18,8,11,11,13,16,1,  491
A POSNANIAN  0,6,18,8,18,7,5,12,10,  491
A PORTILLA  0,6,18,19,11,21,23,19,24,  491
A POUNDALS  0,6,18,22,18,8,19,19,4,  491
A PUDENDUM  0,6,20,0,9,22,20,9,0,  491
A PURASATI  0,6,20,19,3,16,19,23,9,  491
A PIONNOTES  0,6,23,14,18,28,27,21,4,  491
A PYROACID  0,6,24,19,24,7,9,0,25,  491
A PYROLITE  0,6,24,19,24,11,4,23,1,  491
A PAWTUXET  0,6,26,16,11,1,0,21,3,  491
A PAGLIACCI  0,6,26,17,7,4,9,5,9,  491
A PAGEWISE  0,6,26,17,9,24,4,24,1,  491
A PARECIOUS  0,6,26,19,9,26,16,9,4,  491
A PARTICLE  0,6,26,19,11,21,9,19,1,  491
A JEZEKITE  0,8,3,8,9,26,4,23,1,  491
A JEWELERS  0,8,3,16,9,11,25,6,4,  491
A JSCHAUMA  0,8,6,18,19,7,13,20,24,  491
A JOLLITRY  0,8,18,3,7,21,27,6,22,  491
A JOBTITLE  0,8,18,6,11,21,27,19,1,  491
A JUDICIARY  0,8,20,0,17,26,16,6,22,  491
A JUMPGATE  0,8,20,4,14,25,19,23,1,  491
A JAPONAIS  0,8,26,10,24,22,19,0,4,  491
A JAROSLAW  0,8,26,19,24,16,23,15,12,  491
A IMPULSES  0,9,2,10,26,11,28,21,4,  491
A ISOEMODIN  0,9,6,1,8,28,20,0,10,  491
A INDEXERS  0,9,12,0,9,17,25,6,4,  491
A INDIGENAE  0,9,12,0,17,25,25,1,23,  491
A INLCUDED  0,9,12,3,22,1,20,21,25,  491
A INMESHES  0,9,12,4,9,16,6,21,4,  491
A INEBRIANT  0,9,12,5,10,27,16,1,3,  491
A INTENDIT  0,9,12,7,9,22,20,0,3,  491
A INTERMET  0,9,12,7,9,27,24,21,3,  491
A INCLUDED  0,9,12,18,7,1,20,21,25,  491
A INAURATE  0,9,12,28,26,27,19,23,1,  491
A NEWSTART  0,10,3,16,12,15,19,6,3,  491
A NIEDERAU  0,10,11,5,4,13,10,15,18,  491
A NIRRANDA  0,10,11,19,23,7,5,16,24,  491
A NOBILITY  0,10,18,6,17,11,4,23,22,  491
A NOTEBAERT  0,10,18,7,9,14,18,6,3,  491
A NUDEBEACH  0,10,20,0,9,14,15,5,11,  491
A NUMERACY  0,10,20,4,9,27,19,5,22,  491
A NURSABLE  0,10,20,19,12,7,26,19,1,  491
A HELIORNIS  0,11,3,3,0,27,5,0,4,  491
A HELOBIOUS  0,11,3,3,24,14,16,9,4,  491
A HEERMANN  0,11,3,5,23,12,19,1,10,  491
A HEREANENT  0,11,3,19,28,22,25,1,3,  491
A HIMWARDS  0,11,11,4,20,7,10,16,4,  491
A HISTAMIN  0,11,11,8,11,7,24,0,10,  491
A HINDCAST  0,11,11,14,4,26,19,24,3,  491
A HOSTESSING  0,11,18,8,11,13,28,24,20,  491
A HORNYHEAD  0,11,18,19,18,5,6,11,25,  491
A HUMILITY  0,11,20,4,17,11,4,23,22,  491
A HURTABLE  0,11,20,19,11,7,26,19,1,  491
A HEATDROPS  0,11,22,7,4,27,11,26,4,  491
A HEARTBIRD  0,11,22,19,11,14,4,6,25,  491
A HEARTHLESS  0,11,22,19,25,11,25,24,4,  491
A HALALCOR  0,11,26,3,3,11,9,7,15,  491
A HAMULOSE  0,11,26,4,26,11,11,24,1,  491
A HABITUES  0,11,26,6,17,15,13,21,4,  491
A HATCHETS  0,11,26,7,22,23,25,23,4,  491
A HAWKWEED  0,11,26,16,22,24,25,21,25,  491
A HAGIARCHY  0,11,26,17,0,27,9,2,22,  491
A HAGGERTY  0,11,26,17,21,13,10,23,22,  491
A HARDENER  0,11,26,19,4,13,5,21,15,  491
A HARTZLER  0,11,26,19,11,16,23,21,15,  491
A HARZIANUM  0,11,26,19,12,4,5,9,0,  491
A HAVERELS  0,11,26,22,9,27,25,19,4,  491
A WELLTECH  0,12,3,3,7,15,25,5,11,  491
A WELTWEIT  0,12,3,3,11,24,25,0,3,  491
A WITTMANN  0,12,11,7,11,12,19,1,10,  491
A WINEMAKE  0,12,11,14,9,12,19,5,1,  491
A WHISKINGLY  0,12,13,13,12,26,15,19,22,  491
A WHEATLIKE  0,12,13,24,11,11,4,5,1,  491
A WRAPPAGE  0,12,17,28,14,18,19,4,1,  491
A WOODENLY  0,12,18,20,4,13,5,19,22,  491
A WALLONNE  0,12,26,3,7,28,5,1,1,  491
A WARRATAU  0,12,26,19,23,7,27,15,18,  491
A GLIMMERS  0,13,1,13,8,12,25,6,4,  491
A GELEVERD  0,13,3,3,9,1,25,6,25,  491
A GERAGHTY  0,13,3,19,3,25,6,23,22,  491
A GISEMENT  0,13,11,8,9,12,25,1,3,  491
A GIGLIOTTI  0,13,11,17,7,4,27,23,9,  491
A GNOMEDEX  0,13,12,20,8,13,20,21,5,  491
A GRIZZLYS  0,13,17,13,12,16,23,13,4,  491
A GRIZZLED  0,13,17,13,12,16,23,21,25,  491
A GRAYMONT  0,13,17,28,1,12,11,1,3,  491
A GRADINES  0,13,17,28,4,21,5,21,4,  491
A GRASMERE  0,13,17,28,12,12,25,6,1,  491
A GRANZITA  0,13,17,28,18,16,4,23,24,  491
A GRAVENEY  0,13,17,28,26,13,5,21,22,  491
A GOLDBLUM  0,13,18,3,4,14,23,9,0,  491
A GOADLIKE  0,13,18,28,4,11,4,5,1,  491
A GOALLINE  0,13,18,28,7,11,4,1,1,  491
A GUEPARDE  0,13,20,5,14,7,10,16,1,  491
A GUILLARD  0,13,20,13,7,11,19,6,25,  491
A GABUNESE  0,13,26,6,26,22,25,24,1,  491
A GARANTIS  0,13,26,19,3,22,27,0,4,  491
A CLOYSOME  0,14,1,20,1,16,11,20,1,  491
A CLOTWEED  0,14,1,20,11,24,25,21,25,  491
A KLONDYKE  0,14,1,20,18,8,17,5,1,  491
A CLOWNADE  0,14,1,20,20,22,19,16,1,  491
A CLOUDSAT  0,14,1,20,26,8,28,15,3,  491
A CLAYBORN  0,14,1,28,1,14,11,6,10,  491
A KELLEHER  0,14,3,3,7,13,6,21,15,  491
A CEPHALOM  0,14,3,10,19,7,23,7,0,  491
A CEILIDHE  0,14,3,13,7,21,20,2,1,  491
A KEIGHLEY  0,14,3,13,21,23,23,21,22,  491
A KERSLAKE  0,14,3,19,12,11,19,5,1,  491
A CSTDENIS  0,14,6,7,4,13,5,0,4,  491
A CZARDOMS  0,14,6,28,23,8,11,20,4,  491
A CITRACAL  0,14,11,7,23,7,9,15,28,  491
A KIPLINGISM  0,14,11,10,7,3,4,24,0,  491
A KIRKDALE  0,14,11,19,22,8,19,19,1,  491
A CHASTENS  0,14,13,28,12,15,25,1,4,  491
A CHAIRWAY  0,14,13,28,17,27,7,15,22,  491
A CWEENLET  0,14,14,5,9,22,23,21,3,  491
A CWALMARK  0,14,14,28,7,12,19,6,14,  491
A CRESSMAN  0,14,17,5,12,16,24,15,10,  491
A CRENELEE  0,14,17,5,18,13,23,21,1,  491
A CREAMCAKE  0,14,17,24,8,26,19,5,1,  491
A CRAMMERS  0,14,17,28,8,12,25,6,4,  491
A KRAKATOA  0,14,17,28,22,7,27,7,24,  491
A COLARADO  0,14,18,3,3,27,19,16,16,  491
A COLORADA  0,14,18,3,24,27,19,16,24,  491
A COMPLIED  0,14,18,4,14,11,4,21,25,  491
A COMPILED  0,14,18,4,14,21,23,21,25,  491
A COMPITAL  0,14,18,4,14,21,27,15,28,  491
A CONATIONS  0,14,18,14,3,15,16,1,4,  491
A CONNELLY  0,14,18,14,18,13,23,19,22,  491
A CORELATE  0,14,18,19,9,11,19,23,1,  491
A COOLAMAN  0,14,18,20,7,7,24,15,10,  491
A KOYANAGI  0,14,18,26,3,22,19,4,9,  491
A CULLIBLE  0,14,20,3,7,21,26,19,1,  491
A CUTTANEE  0,14,20,7,11,7,5,21,1,  491
A CUTSHALL  0,14,20,7,12,23,19,19,28,  491
A CUITTLED  0,14,20,13,11,15,23,21,25,  491
A CYBERTEK  0,14,24,6,9,27,27,21,14,  491
A CAENOGAEAN  0,14,25,14,24,25,18,15,10,  491
A CALLEIGH  0,14,26,3,7,13,4,4,11,  491
A CALLCOTT  0,14,26,3,7,26,11,23,3,  491
A KALBARRI  0,14,26,3,10,7,10,6,9,  491
A CAMPAGUS  0,14,26,4,14,7,8,9,4,  491
A CAMPECHE  0,14,26,4,14,13,9,2,1,  491
A KAMIMURA  0,14,26,4,17,12,13,6,24,  491
A CABEZONE  0,14,26,6,9,16,11,1,1,  491
A KASTURBA  0,14,26,8,11,1,10,22,24,  491
A KASPAREK  0,14,26,8,14,7,10,21,14,  491
A CAPRALOS  0,14,26,10,23,7,23,7,4,  491
A CAPRIPED  0,14,26,10,23,21,1,21,25,  491
A CAPROATE  0,14,26,10,23,28,19,23,1,  491
A CAPORALS  0,14,26,10,24,27,19,19,4,  491
A KANAWARI  0,14,26,14,3,24,19,6,9,  491
A CANNULAS  0,14,26,14,18,1,23,15,4,  491
A CANOODLING  0,14,26,14,24,28,20,19,20,  491
A CACHAREL  0,14,26,18,19,7,10,21,28,  491
A KACHEMAK  0,14,26,18,19,13,24,15,14,  491
A CARDLIKE  0,14,26,19,4,11,4,5,1,  491
A CARDILLO  0,14,26,19,4,21,23,19,16,  491
A CARBAMIC  0,14,26,19,10,7,24,0,14,  491
A CARBONYL  0,14,26,19,10,28,5,13,28,  491
A CARPACCIO  0,14,26,19,14,7,9,5,21,  491
A CAROTEEL  0,14,26,19,24,15,25,21,28,  491
A CAOVILLA  0,14,26,20,26,21,23,19,24,  491
A COELICOLAE  0,14,28,3,17,26,11,19,23,  491
A REDIGEST  0,15,3,0,17,25,25,24,3,  491
A RELOCATE  0,15,3,3,24,26,19,23,1,  491
A REMMINGTON  0,15,3,4,8,3,27,7,10,  491
A REMOTEST  0,15,3,4,24,15,25,24,3,  491
A REBOLERA  0,15,3,6,24,11,25,6,24,  491
A RETREATER  0,15,3,7,23,3,27,21,15,  491
A RESETTER  0,15,3,8,9,15,27,21,15,  491
A REINVADE  0,15,3,13,18,1,19,16,1,  491
A REHABILI  0,15,3,15,3,14,4,19,9,  491
A REHASHES  0,15,3,15,3,16,6,21,4,  491
A REHARDEN  0,15,3,15,3,27,20,21,10,  491
A REHEARSES  0,15,3,15,28,27,28,21,4,  491
A REGISTED  0,15,3,17,17,16,27,21,25,  491
A REGULATE  0,15,3,17,26,11,19,23,1,  491
A RECOLETA  0,15,3,18,24,11,25,23,24,  491
A REVEALERS  0,15,3,22,28,11,25,6,4,  491
A RIBOTYPING  0,15,11,6,24,15,17,26,20,  491
A RGLEMENT  0,15,15,3,9,12,25,1,3,  491
A ROSTRATA  0,15,18,8,11,27,19,23,24,  491
A ROADSTER  0,15,18,28,4,16,27,21,15,  491
A ROADKILL  0,15,18,28,4,26,4,19,28,  491
A RUSHMANIA  0,15,20,8,19,12,19,1,21,  491
A REASCENTS  0,15,22,8,22,13,5,23,4,  491
A REACCEPTING  0,15,22,18,22,13,1,23,20,  491
A RADSIMIR  0,15,26,0,12,21,24,0,15,  491
A RADZIMIR  0,15,26,0,12,21,24,0,15,  491
A RATZLAFF  0,15,26,7,12,11,19,10,19,  491
A RAVINATE  0,15,26,22,17,22,19,23,1,  491
A OLYMPICS  0,16,1,26,8,18,4,5,4,  491
A OBDURATE  0,16,4,0,26,27,19,23,1,  491
A OBSOLETE  0,16,4,8,24,11,25,23,1,  491
A OTONABEE  0,16,5,20,18,7,26,21,1,  491
A OSTERMAN  0,16,6,7,9,27,24,15,10,  491
A OXYPHILE  0,16,7,26,14,23,4,19,1,  491
A OPENMAKE  0,16,8,5,18,12,19,5,1,  491
A OCTAVARIA  0,16,16,7,3,1,19,6,21,  491
A OOMYCETE  0,16,18,4,1,26,25,23,1,  491
A OUTACTED  0,16,20,7,3,26,27,21,25,  491
A OUTBENDING  0,16,20,7,10,13,5,16,20,  491
A OUTTELLS  0,16,20,7,11,13,23,19,4,  491
A OUTPASSING  0,16,20,7,14,7,28,24,20,  491
A THUMBAILS  0,17,20,4,10,7,4,19,4,  491
A THIOPHENES  0,17,23,10,19,13,5,21,4,  491
A THYMELICI  0,17,24,4,9,11,4,5,9,  491
A UMBONATE  0,18,2,6,24,22,19,23,1,  491
A VEXATORY  0,18,3,9,3,15,11,6,22,  491
A VEGASITE  0,18,3,17,3,16,4,23,1,  491
A VERIDITY  0,18,3,19,17,8,4,23,22,  491
A VERITATE  0,18,3,19,17,15,19,23,1,  491
A UPRAISED  0,18,8,19,3,21,28,21,25,  491
A VISACARD  0,18,11,8,3,26,19,6,25,  491
A UNDECANE  0,18,12,0,9,26,19,1,1,  491
A UNDIPPED  0,18,12,0,17,18,1,21,25,  491
A UNDUMPED  0,18,12,0,26,12,1,21,25,  491
A UNLEVELING  0,18,12,3,9,1,25,19,20,  491
A UNLOANED  0,18,12,3,24,7,5,21,25,  491
A UNLOADEN  0,18,12,3,24,7,20,21,10,  491
A UNEXUDED  0,18,12,5,13,1,20,21,25,  491
A UNEXACTING  0,18,12,5,13,7,9,23,20,  491
A UNBLINDING  0,18,12,6,7,21,5,16,20,  491
A UNBREEZY  0,18,12,6,23,13,25,24,22,  491
A UNBEACHED  0,18,12,6,28,26,6,21,25,  491
A UNSPACED  0,18,12,8,14,7,9,21,25,  491
A UNHELPED  0,18,12,15,9,11,1,21,25,  491
A UNWAITED  0,18,12,16,3,21,27,21,25,  491
A UNCASTLE  0,18,12,18,3,16,27,19,1,  491
A UNCLEARED  0,18,12,18,7,3,10,21,25,  491
A UGSOMELY  0,18,15,8,24,12,25,19,22,  491
A URBANITY  0,18,17,6,3,22,4,23,22,  491
A URALITES  0,18,17,28,7,21,27,21,4,  491
A VOLTAISM  0,18,18,3,11,7,4,24,0,  491
A VALERIANO  0,18,26,3,9,27,16,1,16,  491
A VAMOOSED  0,18,26,4,24,28,28,21,25,  491
A VASSILIS  0,18,26,8,12,21,23,0,4,  491
A VANCLEAVE  0,18,26,14,22,11,15,9,1,  491
A EASTSOUND  0,20,6,7,12,28,13,1,25,  491
A EARTHDRAKE  0,20,17,21,4,27,19,5,1,  491
A YPOYRGOY  0,22,8,20,1,27,8,7,22,  491
A YOUNGNESS  0,22,18,22,6,22,25,24,4,  491
A AEROMETER  0,23,17,20,8,13,27,21,15,  491
A ALTERIUS  0,24,1,7,9,27,4,9,4,  491
A ALTSCHUL  0,24,1,7,12,26,6,9,28,  491
A ALGOLOGY  0,24,1,17,24,11,11,4,22,  491
A ALACHLOR  0,24,1,28,22,23,23,7,15,  491
A ASSESSOR  0,24,6,8,9,16,28,7,15,  491
A APTYCHUS  0,24,8,7,1,26,6,9,4,  491
A APSINTHION  0,24,8,8,17,22,12,12,10,  491
A APHICIDE  0,24,8,15,17,26,4,16,1,  491
A ANDEREGG  0,24,12,0,9,27,25,4,13,  491
A ANILIDIC  0,24,12,13,7,21,20,0,14,  491
A AHLSTROM  0,24,13,3,12,15,10,7,0,  491
A AGGRESSING  0,24,15,17,23,13,28,24,20,  491
A ACCIDIES  0,24,16,18,17,8,4,21,4,  491
A ACRYLICS  0,24,16,19,1,11,4,5,4,  491
A ACOUSMAS  0,24,16,20,26,16,24,15,4,  491
A ARDORANS  0,24,17,0,24,27,19,1,4,  491
A ARENDSIG  0,24,17,5,18,8,28,0,13,  491
A ARTISITS  0,24,17,7,17,16,4,23,4,  491
A ARGENTRY  0,24,17,17,9,22,27,6,22,  491
A ARCADIUS  0,24,17,18,3,8,4,9,4,  491
A AROUSALS  0,24,17,20,26,16,19,19,4,  491
A ARTHRODIAE  0,24,17,21,23,28,20,12,1,  491
A ARANJUEZ  0,24,17,28,18,20,13,21,4,  491
A ARAGONIAN  0,24,17,28,21,28,5,12,10,  491
A ATHYREOSIS  0,24,19,26,23,19,28,0,4,  491
A AULETRIS  0,24,20,3,9,15,10,0,4,  491
A AUMBRIES  0,24,20,4,10,27,4,21,4,  491
A AUTECISM  0,24,20,7,9,26,4,24,0,  491
A AURAIENT  0,24,20,19,3,21,25,1,3,  491
A AURELIANO  0,24,20,19,9,11,16,1,16,  491
A ADVISORY  0,24,27,22,17,16,11,6,22,  491
A DELIVERS  0,25,3,3,17,1,25,6,4,  491
A DEBRUISING  0,25,3,6,23,1,4,24,20,  491
A DESILVER  0,25,3,8,17,11,13,21,15,  491
A DENSMORE  0,25,3,14,12,12,11,6,1,  491
A DERAIGNS  0,25,3,19,3,21,8,1,4,  491
A DEFFERED  0,25,3,23,27,13,10,21,25,  491
A DBOBJECT  0,25,4,20,10,20,25,5,3,  491
A DISPIECE  0,25,11,8,14,21,25,5,1,  491
A DISUNIONS  0,25,11,8,26,22,16,1,4,  491
A DIGESTER  0,25,11,17,9,16,27,21,15,  491
A DRSCHEME  0,25,17,8,22,23,25,20,1,  491
A DRAMSHOP  0,25,17,28,8,16,6,7,6,  491
A DOLENNAU  0,25,18,3,9,22,5,15,18,  491
A DOMICILING  0,25,18,4,17,26,4,19,20,  491
A DONENESS  0,25,18,14,9,22,25,24,4,  491
A DOWNSMAN  0,25,18,16,18,16,24,15,10,  491
A DOWKLOAD  0,25,18,16,22,11,11,15,25,  491
A DOCSWELL  0,25,18,18,12,24,25,19,28,  491
A DOORMATS  0,25,18,20,23,12,19,23,4,  491
A DOUNDAKE  0,25,18,22,18,8,19,5,1,  491
A DOUNLOAD  0,25,18,22,18,11,11,15,25,  491
A DOVNLOAD  0,25,18,22,18,11,11,15,25,  491
A DVDXCOPY  0,25,20,0,13,26,11,26,22,  491
A DUURSEMA  0,25,20,22,23,16,25,20,24,  491
A DIASPIRIN  0,25,23,8,14,21,10,0,10,  491
A DIARISTIC  0,25,23,19,17,16,27,0,14,  491
A DIARCHIES  0,25,23,19,22,23,4,21,4,  491
A DIATHERMIC  0,25,23,21,9,27,24,0,14,  491
A DANZIGER  0,25,26,14,12,21,8,21,15,  491
A DANCINGCUM  0,25,26,14,22,3,9,9,0,  491
A DARTROSE  0,25,26,19,11,27,11,24,1,  491
A OENOMETER  0,26,12,20,8,13,27,21,15,  491
A LENGTHWISE  0,28,3,2,25,24,4,24,1,  491
A LETTUCES  0,28,3,7,11,1,9,21,4,  491
A LEISURED  0,28,3,13,12,1,10,21,25,  491
A LEINBACH  0,28,3,13,18,14,19,5,11,  491
A LEHRSMEN  0,28,3,15,23,16,24,21,10,  491
A LEGATURE  0,28,3,17,3,15,13,6,1,  491
A LECANORA  0,28,3,18,3,22,11,6,24,  491
A LEUCOETHIOP  0,28,3,22,22,9,12,12,6,  491
A LIDSTROM  0,28,11,0,12,15,10,7,0,  491
A LILIACEOUS  0,28,11,3,0,26,2,9,4,  491
A LIMAWOOD  0,28,11,4,3,24,11,7,25,  491
A LIBACOVEA  0,28,11,6,3,26,11,9,20,  491
A LIBMAGIC  0,28,11,6,8,7,8,0,14,  491
A LIBCRYPT  0,28,11,6,22,27,17,26,3,  491
A LISUARTE  0,28,11,8,26,7,10,23,1,  491
A LINEBREAK  0,28,11,14,9,14,10,11,14,  491
A LIGHTTPD  0,28,11,17,19,15,27,26,25,  491
A LOSTNESS  0,28,18,8,11,22,25,24,4,  491
A LOXAPINE  0,28,18,9,3,18,4,1,1,  491
A LOWTOTAL  0,28,18,16,11,28,27,15,28,  491
A LOGILITY  0,28,18,17,17,11,4,23,22,  491
A LOCKLAND  0,28,18,18,22,11,19,1,25,  491
A LUMINITA  0,28,20,4,17,22,4,23,24,  491
A LYGODIUM  0,28,24,17,24,8,4,9,0,  491
A LYRICISING  0,28,24,19,17,26,4,24,20,  491
A LYRICIZING  0,28,24,19,17,26,4,24,20,  491
A LANGWORTHY  0,28,26,2,20,28,10,8,22,  491
A LAZAROUS  0,28,26,8,3,27,11,9,4,  491
A LAZURITE  0,28,26,8,26,27,4,23,1,  491
A LANDLOCK  0,28,26,14,4,11,11,5,14,  491
A LARARIUM  0,28,26,19,3,27,4,9,0,  491
A LARKHILL  0,28,26,19,22,23,4,19,28,  491
A LARRUPED  0,28,26,19,23,1,1,21,25,  491
A LAVENDON  0,28,26,22,9,22,20,7,10,  491
A LAUNCHED  0,28,26,22,18,26,6,21,25,  491
A LAINGSBURG  0,28,26,24,12,14,13,6,13,  491
